observation,sender,sender_type,sender_id,response,response_action,ended_on,duration,time_run,time_render,time_show,time_end,time_commit,timestamp,time_switch,url_vp,url_sess,meta_labjs_version,meta_location,meta_user_agent,meta_platform,meta_language,meta_locale,meta_time_zone,meta_timezone_offset,meta_screen_width,meta_screen_height,meta_scroll_width,meta_scroll_height,meta_window_inner_width,meta_window_inner_height,meta_device_pixel_ratio,meta_labjs_build_flavor,meta_labjs_build_commit,distractors,german,swahili,enc,distractor1,distractor2,distractor3,x,correct,x_2
56b99,Introduction general,canvas.Screen,0,weiter,keypress(q),response,61366.9,425.5,192.8,442.6,61809.5,61811,2024-05-07T08:19:49Z,61821.9,227,1,20.2.4,https://neurocog.fernuni.ch/studies/vweber/aberisha/encoding_immediate/index.html?vp=227&sess=1,"Mozilla/5.0 (Windows NT 10.0; Win64; x64) AppleWebKit/537.36 (KHTML, like Gecko) Chrome/124.0.0.0 Safari/537.36",Win32,de-DE,de,Europe/Zurich,-120,1536,864,1536,682,1536,730,1.25,production,f5b4a49f956347addd546a832a3327688c2c0fef,NA,NA,NA,NA,NA,NA,NA,NA,NA,NA
56b99,Introduction practice,canvas.Screen,1_0,NA,keypress(Space),response,10383.800000048,61811.200000048,61806.75,61821.9,72205.700000048,72206.200000048,2024-05-07T08:19:59Z,72215.9,NA,NA,NA,NA,NA,NA,NA,NA,NA,NA,NA,NA,NA,NA,NA,NA,NA,NA,NA,NULL,NA,NA,NA,NA,NA,NA,NA,NA,NA
56b99,deep,flow.Sequence,1_1_0_0,NA,NA,skipped,NA,72206.5,NA,NA,72205.700000048,72207.899999976,2024-05-07T08:19:59Z,72215.9,NA,NA,NA,NA,NA,NA,NA,NA,NA,NA,NA,NA,NA,NA,NA,NA,NA,NA,NA,"c(""distractor1"", ""distractor2"", ""distractor3"")",Gegenwart,hadhara,s,katiba,jokofu,mikopo,NA,NA,NA
56b99,Shallow Question,html.Page,1_1_0_1_0,hadhara,NA,form submission,26948.1,72208.100000024,72204.818,72215.9,99164,99164.300000072,2024-05-07T08:20:26Z,99165.828,NA,NA,NA,NA,NA,NA,NA,NA,NA,NA,NA,NA,NA,NA,NA,NA,NA,NA,NA,"c(""distractor1"", ""distractor2"", ""distractor3"")",Gegenwart,hadhara,s,katiba,jokofu,mikopo,NA,NA,NA
56b99,"""Richtig""-Screen",canvas.Screen,1_1_0_1_1,NA,NA,timeout,4997.072,99165.600000024,99165.828,99165.828,104146.3,104150.60000002,2024-05-07T08:20:31Z,104162.9,NA,NA,NA,NA,NA,NA,NA,NA,NA,NA,NA,NA,NA,NA,NA,NA,NA,NA,NA,"c(""distractor1"", ""distractor2"", ""distractor3"")",Gegenwart,hadhara,s,katiba,jokofu,mikopo,NA,1,NA
56b99,"""Falsch""-Screen",canvas.Screen,1_1_0_1_2,NA,NA,skipped,NA,104153.39999998,NA,NA,104146.3,104153.60000002,2024-05-07T08:20:31Z,104162.9,NA,NA,NA,NA,NA,NA,NA,NA,NA,NA,NA,NA,NA,NA,NA,NA,NA,NA,NA,"c(""distractor1"", ""distractor2"", ""distractor3"")",Gegenwart,hadhara,s,katiba,jokofu,mikopo,NA,NA,NA
56b99,shallow,flow.Sequence,1_1_0_1,NA,NA,completion,31930.4,72208,72204.818,72215.9,104146.3,104154,2024-05-07T08:20:31Z,104162.9,NA,NA,NA,NA,NA,NA,NA,NA,NA,NA,NA,NA,NA,NA,NA,NA,NA,NA,NA,"c(""distractor1"", ""distractor2"", ""distractor3"")",Gegenwart,hadhara,s,katiba,jokofu,mikopo,NA,NA,NA
56b99,task,flow.Sequence,1_1_0,NA,NA,completion,31930.4,72206.399999976,72204.818,72215.9,104146.3,104154.30000007,2024-05-07T08:20:31Z,104162.9,NA,NA,NA,NA,NA,NA,NA,NA,NA,NA,NA,NA,NA,NA,NA,NA,NA,NA,NA,"c(""distractor1"", ""distractor2"", ""distractor3"")",Gegenwart,hadhara,s,katiba,jokofu,mikopo,NA,NA,NA
56b99,deep,flow.Sequence,1_1_1_0,NA,NA,skipped,NA,104154.5,NA,NA,104146.3,104154.70000005,2024-05-07T08:20:31Z,104162.9,NA,NA,NA,NA,NA,NA,NA,NA,NA,NA,NA,NA,NA,NA,NA,NA,NA,NA,NA,"c(""distractor1"", ""distractor2"", ""distractor3"")",Kritik,lawama,s,dereva,nafasi,mawazo,NA,NA,NA
56b99,Shallow Question,html.Page,1_1_1_1_0,nafasi,NA,form submission,16987.900000072,104154.89999998,104146.3,104162.9,121150.80000007,121151,2024-05-07T08:20:48Z,121153.532,NA,NA,NA,NA,NA,NA,NA,NA,NA,NA,NA,NA,NA,NA,NA,NA,NA,NA,NA,"c(""distractor1"", ""distractor2"", ""distractor3"")",Kritik,lawama,s,dereva,nafasi,mawazo,NA,NA,NA
56b99,"""Richtig""-Screen",canvas.Screen,1_1_1_1_1,NA,NA,skipped,NA,121154.70000005,NA,NA,121150.80000007,121154.80000007,2024-05-07T08:20:48Z,121153.532,NA,NA,NA,NA,NA,NA,NA,NA,NA,NA,NA,NA,NA,NA,NA,NA,NA,NA,NA,"c(""distractor1"", ""distractor2"", ""distractor3"")",Kritik,lawama,s,dereva,nafasi,mawazo,NA,NA,NA
56b99,"""Falsch""-Screen",canvas.Screen,1_1_1_1_2,NA,NA,timeout,4996.168,121155.39999998,121153.532,121153.532,126133,126133.89999998,2024-05-07T08:20:53Z,126149.7,NA,NA,NA,NA,NA,NA,NA,NA,NA,NA,NA,NA,NA,NA,NA,NA,NA,NA,NA,"c(""distractor1"", ""distractor2"", ""distractor3"")",Kritik,lawama,s,dereva,nafasi,mawazo,NA,0,NA
56b99,shallow,flow.Sequence,1_1_1_1,NA,NA,completion,21970.1,104154.89999998,104146.3,104162.9,126133,126134.39999998,2024-05-07T08:20:53Z,126149.7,NA,NA,NA,NA,NA,NA,NA,NA,NA,NA,NA,NA,NA,NA,NA,NA,NA,NA,NA,"c(""distractor1"", ""distractor2"", ""distractor3"")",Kritik,lawama,s,dereva,nafasi,mawazo,NA,NA,NA
56b99,task,flow.Sequence,1_1_1,NA,NA,completion,21970.1,104154.39999998,104146.3,104162.9,126133,126134.70000005,2024-05-07T08:20:53Z,126149.7,NA,NA,NA,NA,NA,NA,NA,NA,NA,NA,NA,NA,NA,NA,NA,NA,NA,NA,NA,"c(""distractor1"", ""distractor2"", ""distractor3"")",Kritik,lawama,s,dereva,nafasi,mawazo,NA,NA,NA
56b99,Deep Question,html.Page,1_1_2_0_0,ujhd,NA,form submission,15659.8,126134.89999998,126133,126149.7,141809.5,141809.70000005,2024-05-07T08:21:09Z,141823.5,NA,NA,NA,NA,NA,NA,NA,NA,NA,NA,NA,NA,NA,NA,NA,NA,NA,NA,NA,"c(""distractor1"", ""distractor2"", ""distractor3"")",Gesundheit,salama,d,NA,NA,NA,NA,NA,NA
56b99,"""Richtig""-Screen",canvas.Screen,1_1_2_0_1,NA,NA,skipped,NA,141812.89999998,NA,NA,141809.5,141813.10000002,2024-05-07T08:21:09Z,141823.5,NA,NA,NA,NA,NA,NA,NA,NA,NA,NA,NA,NA,NA,NA,NA,NA,NA,NA,NA,"c(""distractor1"", ""distractor2"", ""distractor3"")",Gesundheit,salama,d,NA,NA,NA,NA,NA,NA
56b99,"""Falsch""-Screen",canvas.Screen,1_1_2_0_2,NA,NA,timeout,4996.9,141814.20000005,141808.518,141823.5,146803.5,146804.39999998,2024-05-07T08:21:14Z,146820.4,NA,NA,NA,NA,NA,NA,NA,NA,NA,NA,NA,NA,NA,NA,NA,NA,NA,NA,NA,"c(""distractor1"", ""distractor2"", ""distractor3"")",Gesundheit,salama,d,NA,NA,NA,NA,0,NA
56b99,deep,flow.Sequence,1_1_2_0,NA,NA,completion,20653.8,126134.80000007,126133,126149.7,146803.5,146804.70000005,2024-05-07T08:21:14Z,146820.4,NA,NA,NA,NA,NA,NA,NA,NA,NA,NA,NA,NA,NA,NA,NA,NA,NA,NA,NA,"c(""distractor1"", ""distractor2"", ""distractor3"")",Gesundheit,salama,d,NA,NA,NA,NA,NA,NA
56b99,shallow,flow.Sequence,1_1_2_1,NA,NA,skipped,NA,146804.89999998,NA,NA,146803.5,146805.10000002,2024-05-07T08:21:14Z,146820.4,NA,NA,NA,NA,NA,NA,NA,NA,NA,NA,NA,NA,NA,NA,NA,NA,NA,NA,NA,"c(""distractor1"", ""distractor2"", ""distractor3"")",Gesundheit,salama,d,NA,NA,NA,NA,NA,NA
56b99,task,flow.Sequence,1_1_2,NA,NA,completion,20653.8,126134.80000007,126133,126149.7,146803.5,146805.30000007,2024-05-07T08:21:14Z,146820.4,NA,NA,NA,NA,NA,NA,NA,NA,NA,NA,NA,NA,NA,NA,NA,NA,NA,NA,NA,"c(""distractor1"", ""distractor2"", ""distractor3"")",Gesundheit,salama,d,NA,NA,NA,NA,NA,NA
56b99,Deep Question,html.Page,1_1_3_0_0,jkdd,NA,form submission,12700.800000048,146805.60000002,146803.5,146820.4,159521.20000005,159521.5,2024-05-07T08:21:27Z,159529,NA,NA,NA,NA,NA,NA,NA,NA,NA,NA,NA,NA,NA,NA,NA,NA,NA,NA,NA,"c(""distractor1"", ""distractor2"", ""distractor3"")",Qualität,mtindo,d,NA,NA,NA,NA,NA,NA
56b99,"""Richtig""-Screen",canvas.Screen,1_1_3_0_1,NA,NA,skipped,NA,159524.5,NA,NA,159521.20000005,159524.60000002,2024-05-07T08:21:27Z,159529,NA,NA,NA,NA,NA,NA,NA,NA,NA,NA,NA,NA,NA,NA,NA,NA,NA,NA,NA,"c(""distractor1"", ""distractor2"", ""distractor3"")",Qualität,mtindo,d,NA,NA,NA,NA,NA,NA
56b99,"""Falsch""-Screen",canvas.Screen,1_1_3_0_2,NA,NA,timeout,4997.5,159525.60000002,159512.894,159529,164509.5,164510.39999998,2024-05-07T08:21:32Z,164526.5,NA,NA,NA,NA,NA,NA,NA,NA,NA,NA,NA,NA,NA,NA,NA,NA,NA,NA,NA,"c(""distractor1"", ""distractor2"", ""distractor3"")",Qualität,mtindo,d,NA,NA,NA,NA,0,NA
56b99,deep,flow.Sequence,1_1_3_0,NA,NA,completion,17689.1,146805.5,146803.5,146820.4,164509.5,164510.70000005,2024-05-07T08:21:32Z,164526.5,NA,NA,NA,NA,NA,NA,NA,NA,NA,NA,NA,NA,NA,NA,NA,NA,NA,NA,NA,"c(""distractor1"", ""distractor2"", ""distractor3"")",Qualität,mtindo,d,NA,NA,NA,NA,NA,NA
56b99,shallow,flow.Sequence,1_1_3_1,NA,NA,skipped,NA,164511,NA,NA,164509.5,164511.10000002,2024-05-07T08:21:32Z,164526.5,NA,NA,NA,NA,NA,NA,NA,NA,NA,NA,NA,NA,NA,NA,NA,NA,NA,NA,NA,"c(""distractor1"", ""distractor2"", ""distractor3"")",Qualität,mtindo,d,NA,NA,NA,NA,NA,NA
56b99,task,flow.Sequence,1_1_3,NA,NA,completion,17689.1,146805.5,146803.5,146820.4,164509.5,164511.39999998,2024-05-07T08:21:32Z,164526.5,NA,NA,NA,NA,NA,NA,NA,NA,NA,NA,NA,NA,NA,NA,NA,NA,NA,NA,NA,"c(""distractor1"", ""distractor2"", ""distractor3"")",Qualität,mtindo,d,NA,NA,NA,NA,NA,NA
56b99,Deep Question,html.Page,1_1_4_0_0,klf,NA,form submission,8593.3000000715,164511.60000002,164509.5,164526.5,173119.80000007,173120.10000002,2024-05-07T08:21:40Z,173121.162,NA,NA,NA,NA,NA,NA,NA,NA,NA,NA,NA,NA,NA,NA,NA,NA,NA,NA,NA,"c(""distractor1"", ""distractor2"", ""distractor3"")",Schatten,kivuli,d,NA,NA,NA,NA,NA,NA
56b99,"""Richtig""-Screen",canvas.Screen,1_1_4_0_1,NA,NA,skipped,NA,173123.10000002,NA,NA,173119.80000007,173123.30000007,2024-05-07T08:21:40Z,173121.162,NA,NA,NA,NA,NA,NA,NA,NA,NA,NA,NA,NA,NA,NA,NA,NA,NA,NA,NA,"c(""distractor1"", ""distractor2"", ""distractor3"")",Schatten,kivuli,d,NA,NA,NA,NA,NA,NA
56b99,"""Falsch""-Screen",canvas.Screen,1_1_4_0_2,NA,NA,timeout,4996.938,173124.10000002,173121.162,173121.162,178101.4,178101.80000007,2024-05-07T08:21:45Z,178118.1,NA,NA,NA,NA,NA,NA,NA,NA,NA,NA,NA,NA,NA,NA,NA,NA,NA,NA,NA,"c(""distractor1"", ""distractor2"", ""distractor3"")",Schatten,kivuli,d,NA,NA,NA,NA,0,NA
56b99,deep,flow.Sequence,1_1_4_0,NA,NA,completion,13574.9,164511.5,164509.5,164526.5,178101.4,178101.89999998,2024-05-07T08:21:45Z,178118.1,NA,NA,NA,NA,NA,NA,NA,NA,NA,NA,NA,NA,NA,NA,NA,NA,NA,NA,NA,"c(""distractor1"", ""distractor2"", ""distractor3"")",Schatten,kivuli,d,NA,NA,NA,NA,NA,NA
56b99,shallow,flow.Sequence,1_1_4_1,NA,NA,skipped,NA,178101.89999998,NA,NA,178101.4,178102,2024-05-07T08:21:45Z,178118.1,NA,NA,NA,NA,NA,NA,NA,NA,NA,NA,NA,NA,NA,NA,NA,NA,NA,NA,NA,"c(""distractor1"", ""distractor2"", ""distractor3"")",Schatten,kivuli,d,NA,NA,NA,NA,NA,NA
56b99,task,flow.Sequence,1_1_4,NA,NA,completion,13574.9,164511.5,164509.5,164526.5,178101.4,178102,2024-05-07T08:21:45Z,178118.1,NA,NA,NA,NA,NA,NA,NA,NA,NA,NA,NA,NA,NA,NA,NA,NA,NA,NA,NA,"c(""distractor1"", ""distractor2"", ""distractor3"")",Schatten,kivuli,d,NA,NA,NA,NA,NA,NA
56b99,deep,flow.Sequence,1_1_5_0,NA,NA,skipped,NA,178102.20000005,NA,NA,178101.4,178102.20000005,2024-05-07T08:21:45Z,178118.1,NA,NA,NA,NA,NA,NA,NA,NA,NA,NA,NA,NA,NA,NA,NA,NA,NA,NA,NA,"c(""distractor1"", ""distractor2"", ""distractor3"")",Rückhalt,msaada,s,muhula,auwali,kiwimbe,NA,NA,NA
56b99,Shallow Question,html.Page,1_1_5_1_0,msaada,NA,form submission,14621.000000024,178102.30000007,178101.4,178118.1,192739.10000002,192739.39999998,2024-05-07T08:22:00Z,192742.46,NA,NA,NA,NA,NA,NA,NA,NA,NA,NA,NA,NA,NA,NA,NA,NA,NA,NA,NA,"c(""distractor1"", ""distractor2"", ""distractor3"")",Rückhalt,msaada,s,muhula,auwali,kiwimbe,NA,NA,NA
56b99,"""Richtig""-Screen",canvas.Screen,1_1_5_1_1,NA,NA,timeout,4996.54,192742.5,192742.46,192742.46,197722.6,197723.60000002,2024-05-07T08:22:05Z,197739,NA,NA,NA,NA,NA,NA,NA,NA,NA,NA,NA,NA,NA,NA,NA,NA,NA,NA,NA,"c(""distractor1"", ""distractor2"", ""distractor3"")",Rückhalt,msaada,s,muhula,auwali,kiwimbe,NA,1,NA
56b99,"""Falsch""-Screen",canvas.Screen,1_1_5_1_2,NA,NA,skipped,NA,197728.70000005,NA,NA,197722.6,197728.89999998,2024-05-07T08:22:05Z,197739,NA,NA,NA,NA,NA,NA,NA,NA,NA,NA,NA,NA,NA,NA,NA,NA,NA,NA,NA,"c(""distractor1"", ""distractor2"", ""distractor3"")",Rückhalt,msaada,s,muhula,auwali,kiwimbe,NA,NA,NA
56b99,shallow,flow.Sequence,1_1_5_1,NA,NA,completion,19604.5,178102.30000007,178101.4,178118.1,197722.6,197729,2024-05-07T08:22:05Z,197739,NA,NA,NA,NA,NA,NA,NA,NA,NA,NA,NA,NA,NA,NA,NA,NA,NA,NA,NA,"c(""distractor1"", ""distractor2"", ""distractor3"")",Rückhalt,msaada,s,muhula,auwali,kiwimbe,NA,NA,NA
56b99,task,flow.Sequence,1_1_5,NA,NA,completion,19604.5,178102.10000002,178101.4,178118.1,197722.6,197729.10000002,2024-05-07T08:22:05Z,197739,NA,NA,NA,NA,NA,NA,NA,NA,NA,NA,NA,NA,NA,NA,NA,NA,NA,NA,NA,"c(""distractor1"", ""distractor2"", ""distractor3"")",Rückhalt,msaada,s,muhula,auwali,kiwimbe,NA,NA,NA
56b99,block,flow.Loop,1_1,NA,NA,completion,125506.7,72206.399999976,72204.818,72215.9,197722.6,197729.20000005,2024-05-07T08:22:05Z,197739,NA,NA,NA,NA,NA,NA,NA,NA,NA,NA,NA,NA,NA,NA,NA,NA,NA,NA,NA,"c(""distractor1"", ""distractor2"", ""distractor3"")",NA,NA,NA,NA,NA,NA,NA,NA,NA
56b99,Practice,flow.Sequence,1,NA,NA,completion,135900.7,61811.100000024,61806.75,61821.9,197722.6,197729.20000005,2024-05-07T08:22:05Z,197739,NA,NA,NA,NA,NA,NA,NA,NA,NA,NA,NA,NA,NA,NA,NA,NA,NA,NA,NA,NULL,NA,NA,NA,NA,NA,NA,NA,NA,NA
56b99,Experiment start,canvas.Screen,2,weiter,keypress(q),response,37089.600000024,197729.30000007,197722.6,197739,234828.60000002,234829.80000007,2024-05-07T08:22:42Z,234887.514,NA,NA,NA,NA,NA,NA,NA,NA,NA,NA,NA,NA,NA,NA,NA,NA,NA,NA,NA,NA,NA,NA,NA,NA,NA,NA,NA,NA,NA
56b99,Deep Question,html.Page,3_0_0_0_0_0_0,klfd,NA,form submission,19451.786000072,234887.5,234887.514,234887.514,254339.30000007,254339.60000002,2024-05-07T08:23:02Z,254354.9,NA,NA,NA,NA,NA,NA,NA,NA,NA,NA,NA,NA,NA,NA,NA,NA,NA,NA,NA,NA,Übersicht,kilindo,d,NA,NA,NA,NA,NA,0
56b99,"""Richtig""-Screen",canvas.Screen,3_0_0_0_0_0_1,NA,NA,skipped,NA,254342.70000005,NA,NA,254339.30000007,254342.89999998,2024-05-07T08:23:02Z,254354.9,NA,NA,NA,NA,NA,NA,NA,NA,NA,NA,NA,NA,NA,NA,NA,NA,NA,NA,NA,NA,Übersicht,kilindo,d,NA,NA,NA,sdf,NA,0
56b99,"""Falsch""-Screen",canvas.Screen,3_0_0_0_0_0_2,NA,NA,timeout,4997,254343.20000005,254338.35,254354.9,259335.1,259336,2024-05-07T08:23:07Z,259351.9,NA,NA,NA,NA,NA,NA,NA,NA,NA,NA,NA,NA,NA,NA,NA,NA,NA,NA,NA,NA,Übersicht,kilindo,d,NA,NA,NA,sdf,0,0
56b99,deep,flow.Sequence,3_0_0_0_0_0,NA,NA,completion,24447.586,234887.39999998,234887.514,234887.514,259335.1,259336.39999998,2024-05-07T08:23:07Z,259351.9,NA,NA,NA,NA,NA,NA,NA,NA,NA,NA,NA,NA,NA,NA,NA,NA,NA,NA,NA,NA,Übersicht,kilindo,d,NA,NA,NA,sdf,NA,0
56b99,shallow,flow.Sequence,3_0_0_0_0_1,NA,NA,skipped,NA,259336.60000002,NA,NA,259335.1,259336.70000005,2024-05-07T08:23:07Z,259351.9,NA,NA,NA,NA,NA,NA,NA,NA,NA,NA,NA,NA,NA,NA,NA,NA,NA,NA,NA,NA,Übersicht,kilindo,d,NA,NA,NA,sdf,NA,0
56b99,task,flow.Sequence,3_0_0_0_0,NA,NA,completion,24447.586,234887.39999998,234887.514,234887.514,259335.1,259336.80000007,2024-05-07T08:23:07Z,259351.9,NA,NA,NA,NA,NA,NA,NA,NA,NA,NA,NA,NA,NA,NA,NA,NA,NA,NA,NA,NA,Übersicht,kilindo,d,NA,NA,NA,sdf,NA,0
56b99,Deep Question,html.Page,3_0_0_0_1_0_0,kgld,NA,form submission,13406.800000048,259337,259335.1,259351.9,272758.70000005,272758.89999998,2024-05-07T08:23:20Z,272762.448,NA,NA,NA,NA,NA,NA,NA,NA,NA,NA,NA,NA,NA,NA,NA,NA,NA,NA,NA,NA,Körper,kiwiliwili,d,NA,NA,NA,NA,NA,0
56b99,"""Richtig""-Screen",canvas.Screen,3_0_0_0_1_0_1,NA,NA,skipped,NA,272761.89999998,NA,NA,272758.70000005,272762.10000002,2024-05-07T08:23:20Z,272762.448,NA,NA,NA,NA,NA,NA,NA,NA,NA,NA,NA,NA,NA,NA,NA,NA,NA,NA,NA,NA,Körper,kiwiliwili,d,NA,NA,NA,sdf,NA,0
56b99,"""Falsch""-Screen",canvas.Screen,3_0_0_0_1_0_2,NA,NA,timeout,4994.952,272762.80000007,272762.448,272762.448,277740.2,277741.10000002,2024-05-07T08:23:25Z,277757.4,NA,NA,NA,NA,NA,NA,NA,NA,NA,NA,NA,NA,NA,NA,NA,NA,NA,NA,NA,NA,Körper,kiwiliwili,d,NA,NA,NA,sdf,0,0
56b99,deep,flow.Sequence,3_0_0_0_1_0,NA,NA,completion,18388.3,259336.89999998,259335.1,259351.9,277740.2,277741.5,2024-05-07T08:23:25Z,277757.4,NA,NA,NA,NA,NA,NA,NA,NA,NA,NA,NA,NA,NA,NA,NA,NA,NA,NA,NA,NA,Körper,kiwiliwili,d,NA,NA,NA,sdf,NA,0
56b99,shallow,flow.Sequence,3_0_0_0_1_1,NA,NA,skipped,NA,277741.60000002,NA,NA,277740.2,277741.70000005,2024-05-07T08:23:25Z,277757.4,NA,NA,NA,NA,NA,NA,NA,NA,NA,NA,NA,NA,NA,NA,NA,NA,NA,NA,NA,NA,Körper,kiwiliwili,d,NA,NA,NA,sdf,NA,0
56b99,task,flow.Sequence,3_0_0_0_1,NA,NA,completion,18388.3,259336.89999998,259335.1,259351.9,277740.2,277742,2024-05-07T08:23:25Z,277757.4,NA,NA,NA,NA,NA,NA,NA,NA,NA,NA,NA,NA,NA,NA,NA,NA,NA,NA,NA,NA,Körper,kiwiliwili,d,NA,NA,NA,sdf,NA,0
56b99,deep,flow.Sequence,3_0_0_0_2_0,NA,NA,skipped,NA,277742,NA,NA,277740.2,277742.20000005,2024-05-07T08:23:25Z,277757.4,NA,NA,NA,NA,NA,NA,NA,NA,NA,NA,NA,NA,NA,NA,NA,NA,NA,NA,NA,NA,Vorsorge,tahadhari,s,ufafanuzi,makini,mashambani,sdf,NA,0
56b99,Shallow Question,html.Page,3_0_0_0_2_1_0,mashambani,NA,form submission,10803.200000024,277742.30000007,277740.2,277757.4,288560.60000002,288560.80000007,2024-05-07T08:23:36Z,288566.9,NA,NA,NA,NA,NA,NA,NA,NA,NA,NA,NA,NA,NA,NA,NA,NA,NA,NA,NA,NA,Vorsorge,tahadhari,s,ufafanuzi,makini,mashambani,NA,NA,0
56b99,"""Richtig""-Screen",canvas.Screen,3_0_0_0_2_1_1,NA,NA,skipped,NA,288563.70000005,NA,NA,288560.60000002,288563.80000007,2024-05-07T08:23:36Z,288566.9,NA,NA,NA,NA,NA,NA,NA,NA,NA,NA,NA,NA,NA,NA,NA,NA,NA,NA,NA,NA,Vorsorge,tahadhari,s,ufafanuzi,makini,mashambani,sdf,NA,0
56b99,"""Falsch""-Screen",canvas.Screen,3_0_0_0_2_1_2,NA,NA,timeout,4997.2,288564.60000002,288551.04,288566.9,293547.2,293548,2024-05-07T08:23:41Z,293564.1,NA,NA,NA,NA,NA,NA,NA,NA,NA,NA,NA,NA,NA,NA,NA,NA,NA,NA,NA,NA,Vorsorge,tahadhari,s,ufafanuzi,makini,mashambani,sdf,0,0
56b99,shallow,flow.Sequence,3_0_0_0_2_1,NA,NA,completion,15789.8,277742.20000005,277740.2,277757.4,293547.2,293548.30000007,2024-05-07T08:23:41Z,293564.1,NA,NA,NA,NA,NA,NA,NA,NA,NA,NA,NA,NA,NA,NA,NA,NA,NA,NA,NA,NA,Vorsorge,tahadhari,s,ufafanuzi,makini,mashambani,sdf,NA,0
56b99,task,flow.Sequence,3_0_0_0_2,NA,NA,completion,15789.8,277742,277740.2,277757.4,293547.2,293548.60000002,2024-05-07T08:23:41Z,293564.1,NA,NA,NA,NA,NA,NA,NA,NA,NA,NA,NA,NA,NA,NA,NA,NA,NA,NA,NA,NA,Vorsorge,tahadhari,s,ufafanuzi,makini,mashambani,sdf,NA,0
56b99,deep,flow.Sequence,3_0_0_0_3_0,NA,NA,skipped,NA,293548.70000005,NA,NA,293547.2,293548.80000007,2024-05-07T08:23:41Z,293564.1,NA,NA,NA,NA,NA,NA,NA,NA,NA,NA,NA,NA,NA,NA,NA,NA,NA,NA,NA,NA,System,maongozi,s,chokochoko,nuksani,mitaani,sdf,NA,0
56b99,Shallow Question,html.Page,3_0_0_0_3_1_0,chokochoko,NA,form submission,13703.100000048,293548.89999998,293547.2,293564.1,307267.20000005,307267.39999998,2024-05-07T08:23:54Z,307273.35,NA,NA,NA,NA,NA,NA,NA,NA,NA,NA,NA,NA,NA,NA,NA,NA,NA,NA,NA,NA,System,maongozi,s,chokochoko,nuksani,mitaani,NA,NA,0
56b99,"""Richtig""-Screen",canvas.Screen,3_0_0_0_3_1_1,NA,NA,skipped,NA,307270.5,NA,NA,307267.20000005,307270.60000002,2024-05-07T08:23:54Z,307273.35,NA,NA,NA,NA,NA,NA,NA,NA,NA,NA,NA,NA,NA,NA,NA,NA,NA,NA,NA,NA,System,maongozi,s,chokochoko,nuksani,mitaani,sdf,NA,0
56b99,"""Falsch""-Screen",canvas.Screen,3_0_0_0_3_1_2,NA,NA,timeout,4995.65,307271.39999998,307273.35,307273.35,312252.8,312254.20000005,2024-05-07T08:23:59Z,312269,NA,NA,NA,NA,NA,NA,NA,NA,NA,NA,NA,NA,NA,NA,NA,NA,NA,NA,NA,NA,System,maongozi,s,chokochoko,nuksani,mitaani,sdf,0,0
56b99,shallow,flow.Sequence,3_0_0_0_3_1,NA,NA,completion,18688.7,293548.89999998,293547.2,293564.1,312252.8,312254.5,2024-05-07T08:23:59Z,312269,NA,NA,NA,NA,NA,NA,NA,NA,NA,NA,NA,NA,NA,NA,NA,NA,NA,NA,NA,NA,System,maongozi,s,chokochoko,nuksani,mitaani,sdf,NA,0
56b99,task,flow.Sequence,3_0_0_0_3,NA,NA,completion,18688.7,293548.60000002,293547.2,293564.1,312252.8,312254.70000005,2024-05-07T08:23:59Z,312269,NA,NA,NA,NA,NA,NA,NA,NA,NA,NA,NA,NA,NA,NA,NA,NA,NA,NA,NA,NA,System,maongozi,s,chokochoko,nuksani,mitaani,sdf,NA,0
56b99,Deep Question,html.Page,3_0_0_0_4_0_0,dfg,NA,form submission,15391.800000072,312254.89999998,312252.8,312269,327660.80000007,327661,2024-05-07T08:24:15Z,327676.7,NA,NA,NA,NA,NA,NA,NA,NA,NA,NA,NA,NA,NA,NA,NA,NA,NA,NA,NA,NA,Symbol,kielezo,d,NA,NA,NA,NA,NA,0
56b99,"""Richtig""-Screen",canvas.Screen,3_0_0_0_4_0_1,NA,NA,skipped,NA,327664,NA,NA,327660.80000007,327664.20000005,2024-05-07T08:24:15Z,327676.7,NA,NA,NA,NA,NA,NA,NA,NA,NA,NA,NA,NA,NA,NA,NA,NA,NA,NA,NA,NA,Symbol,kielezo,d,NA,NA,NA,sdf,NA,0
56b99,"""Falsch""-Screen",canvas.Screen,3_0_0_0_4_0_2,NA,NA,timeout,4997,327664.80000007,327660.628,327676.7,332657.1,332658,2024-05-07T08:24:20Z,332673.7,NA,NA,NA,NA,NA,NA,NA,NA,NA,NA,NA,NA,NA,NA,NA,NA,NA,NA,NA,NA,Symbol,kielezo,d,NA,NA,NA,sdf,0,0
56b99,deep,flow.Sequence,3_0_0_0_4_0,NA,NA,completion,20388.1,312254.89999998,312252.8,312269,332657.1,332658.30000007,2024-05-07T08:24:20Z,332673.7,NA,NA,NA,NA,NA,NA,NA,NA,NA,NA,NA,NA,NA,NA,NA,NA,NA,NA,NA,NA,Symbol,kielezo,d,NA,NA,NA,sdf,NA,0
56b99,shallow,flow.Sequence,3_0_0_0_4_1,NA,NA,skipped,NA,332658.39999998,NA,NA,332657.1,332658.5,2024-05-07T08:24:20Z,332673.7,NA,NA,NA,NA,NA,NA,NA,NA,NA,NA,NA,NA,NA,NA,NA,NA,NA,NA,NA,NA,Symbol,kielezo,d,NA,NA,NA,sdf,NA,0
56b99,task,flow.Sequence,3_0_0_0_4,NA,NA,completion,20388.1,312254.80000007,312252.8,312269,332657.1,332658.70000005,2024-05-07T08:24:20Z,332673.7,NA,NA,NA,NA,NA,NA,NA,NA,NA,NA,NA,NA,NA,NA,NA,NA,NA,NA,NA,NA,Symbol,kielezo,d,NA,NA,NA,sdf,NA,0
56b99,Deep Question,html.Page,3_0_0_0_5_0_0,jköl,NA,form submission,7354.6999999761,332658.89999998,332657.1,332673.7,340028.39999998,340028.60000002,2024-05-07T08:24:27Z,340052.1,NA,NA,NA,NA,NA,NA,NA,NA,NA,NA,NA,NA,NA,NA,NA,NA,NA,NA,NA,NA,Zuwachs,nyongeza,d,NA,NA,NA,NA,NA,0
56b99,"""Richtig""-Screen",canvas.Screen,3_0_0_0_5_0_1,NA,NA,skipped,NA,340031.5,NA,NA,340028.39999998,340031.60000002,2024-05-07T08:24:27Z,340052.1,NA,NA,NA,NA,NA,NA,NA,NA,NA,NA,NA,NA,NA,NA,NA,NA,NA,NA,NA,NA,Zuwachs,nyongeza,d,NA,NA,NA,sdf,NA,0
56b99,"""Falsch""-Screen",canvas.Screen,3_0_0_0_5_0_2,NA,NA,timeout,4997,340032.30000007,340035.6,340052.1,345032.4,345033.20000005,2024-05-07T08:24:32Z,345049.1,NA,NA,NA,NA,NA,NA,NA,NA,NA,NA,NA,NA,NA,NA,NA,NA,NA,NA,NA,NA,Zuwachs,nyongeza,d,NA,NA,NA,sdf,0,0
56b99,deep,flow.Sequence,3_0_0_0_5_0,NA,NA,completion,12358.7,332658.80000007,332657.1,332673.7,345032.4,345033.5,2024-05-07T08:24:32Z,345049.1,NA,NA,NA,NA,NA,NA,NA,NA,NA,NA,NA,NA,NA,NA,NA,NA,NA,NA,NA,NA,Zuwachs,nyongeza,d,NA,NA,NA,sdf,NA,0
56b99,shallow,flow.Sequence,3_0_0_0_5_1,NA,NA,skipped,NA,345033.70000005,NA,NA,345032.4,345033.80000007,2024-05-07T08:24:32Z,345049.1,NA,NA,NA,NA,NA,NA,NA,NA,NA,NA,NA,NA,NA,NA,NA,NA,NA,NA,NA,NA,Zuwachs,nyongeza,d,NA,NA,NA,sdf,NA,0
56b99,task,flow.Sequence,3_0_0_0_5,NA,NA,completion,12358.7,332658.80000007,332657.1,332673.7,345032.4,345034,2024-05-07T08:24:32Z,345049.1,NA,NA,NA,NA,NA,NA,NA,NA,NA,NA,NA,NA,NA,NA,NA,NA,NA,NA,NA,NA,Zuwachs,nyongeza,d,NA,NA,NA,sdf,NA,0
56b99,deep,flow.Sequence,3_0_0_0_6_0,NA,NA,skipped,NA,345034.10000002,NA,NA,345032.4,345034.30000007,2024-05-07T08:24:32Z,345049.1,NA,NA,NA,NA,NA,NA,NA,NA,NA,NA,NA,NA,NA,NA,NA,NA,NA,NA,NA,NA,Lawine,banguko,s,maambukizi,usuluhishi,chekechea,sdf,NA,0
56b99,Shallow Question,html.Page,3_0_0_0_6_1_0,usuluhishi,NA,form submission,7437.9,345034.30000007,345032.4,345049.1,352487,352487.20000005,2024-05-07T08:24:40Z,352494.5,NA,NA,NA,NA,NA,NA,NA,NA,NA,NA,NA,NA,NA,NA,NA,NA,NA,NA,NA,NA,Lawine,banguko,s,maambukizi,usuluhishi,chekechea,NA,NA,0
56b99,"""Richtig""-Screen",canvas.Screen,3_0_0_0_6_1_1,NA,NA,skipped,NA,352490.30000007,NA,NA,352487,352490.39999998,2024-05-07T08:24:40Z,352494.5,NA,NA,NA,NA,NA,NA,NA,NA,NA,NA,NA,NA,NA,NA,NA,NA,NA,NA,NA,NA,Lawine,banguko,s,maambukizi,usuluhishi,chekechea,sdf,NA,0
56b99,"""Falsch""-Screen",canvas.Screen,3_0_0_0_6_1_2,NA,NA,timeout,4997.5,352491.10000002,352478.3,352494.5,357475.3,357476.30000007,2024-05-07T08:24:45Z,357492,NA,NA,NA,NA,NA,NA,NA,NA,NA,NA,NA,NA,NA,NA,NA,NA,NA,NA,NA,NA,Lawine,banguko,s,maambukizi,usuluhishi,chekechea,sdf,0,0
56b99,shallow,flow.Sequence,3_0_0_0_6_1,NA,NA,completion,12426.2,345034.30000007,345032.4,345049.1,357475.3,357476.5,2024-05-07T08:24:45Z,357492,NA,NA,NA,NA,NA,NA,NA,NA,NA,NA,NA,NA,NA,NA,NA,NA,NA,NA,NA,NA,Lawine,banguko,s,maambukizi,usuluhishi,chekechea,sdf,NA,0
56b99,task,flow.Sequence,3_0_0_0_6,NA,NA,completion,12426.2,345034.10000002,345032.4,345049.1,357475.3,357476.80000007,2024-05-07T08:24:45Z,357492,NA,NA,NA,NA,NA,NA,NA,NA,NA,NA,NA,NA,NA,NA,NA,NA,NA,NA,NA,NA,Lawine,banguko,s,maambukizi,usuluhishi,chekechea,sdf,NA,0
56b99,deep,flow.Sequence,3_0_0_0_7_0,NA,NA,skipped,NA,357476.89999998,NA,NA,357475.3,357477.10000002,2024-05-07T08:24:45Z,357492,NA,NA,NA,NA,NA,NA,NA,NA,NA,NA,NA,NA,NA,NA,NA,NA,NA,NA,NA,NA,Konkurrent,mshindani,s,msemaji,mvutaji,kipukusa,sdf,NA,0
56b99,Shallow Question,html.Page,3_0_0_0_7_1_0,mshindani,NA,form submission,9016.8000000715,357477.30000007,357475.3,357492,366508.80000007,366509.10000002,2024-05-07T08:24:54Z,366519.5,NA,NA,NA,NA,NA,NA,NA,NA,NA,NA,NA,NA,NA,NA,NA,NA,NA,NA,NA,NA,Konkurrent,mshindani,s,msemaji,mvutaji,kipukusa,NA,NA,0
56b99,"""Richtig""-Screen",canvas.Screen,3_0_0_0_7_1_1,NA,NA,timeout,4997.1,366512,366503.164,366519.5,371499.7,371500.70000005,2024-05-07T08:24:59Z,371516.6,NA,NA,NA,NA,NA,NA,NA,NA,NA,NA,NA,NA,NA,NA,NA,NA,NA,NA,NA,NA,Konkurrent,mshindani,s,msemaji,mvutaji,kipukusa,sdf,1,0
56b99,"""Falsch""-Screen",canvas.Screen,3_0_0_0_7_1_2,NA,NA,skipped,NA,371505.89999998,NA,NA,371499.7,371506,2024-05-07T08:24:59Z,371516.6,NA,NA,NA,NA,NA,NA,NA,NA,NA,NA,NA,NA,NA,NA,NA,NA,NA,NA,NA,NA,Konkurrent,mshindani,s,msemaji,mvutaji,kipukusa,sdf,NA,0
56b99,shallow,flow.Sequence,3_0_0_0_7_1,NA,NA,completion,14007.7,357477.20000005,357475.3,357492,371499.7,371506.10000002,2024-05-07T08:24:59Z,371516.6,NA,NA,NA,NA,NA,NA,NA,NA,NA,NA,NA,NA,NA,NA,NA,NA,NA,NA,NA,NA,Konkurrent,mshindani,s,msemaji,mvutaji,kipukusa,sdf,NA,0
56b99,task,flow.Sequence,3_0_0_0_7,NA,NA,completion,14007.7,357476.89999998,357475.3,357492,371499.7,371506.20000005,2024-05-07T08:24:59Z,371516.6,NA,NA,NA,NA,NA,NA,NA,NA,NA,NA,NA,NA,NA,NA,NA,NA,NA,NA,NA,NA,Konkurrent,mshindani,s,msemaji,mvutaji,kipukusa,sdf,NA,0
56b99,block,flow.Loop,3_0_0_0,NA,NA,completion,136612.186,234887.39999998,234887.514,234887.514,371499.7,371506.20000005,2024-05-07T08:24:59Z,371516.6,NA,NA,NA,NA,NA,NA,NA,NA,NA,NA,NA,NA,NA,NA,NA,NA,NA,NA,NA,NA,NA,NA,NA,NA,NA,NA,sdf,NA,0
56b99,weiter,canvas.Screen,3_0_0_1,sdf,keypress(Space),response,2051.1000000477,371506.20000005,371499.7,371516.6,373567.70000005,373568.80000007,2024-05-07T08:25:01Z,373582.258,NA,NA,NA,NA,NA,NA,NA,NA,NA,NA,NA,NA,NA,NA,NA,NA,NA,NA,NA,NA,NA,NA,NA,NA,NA,NA,sdf,NA,0
56b99,check continue,flow.Sequence,3_0_0,NA,NA,completion,138680.18600005,234887.39999998,234887.514,234887.514,373567.70000005,373569.20000005,2024-05-07T08:25:01Z,373582.258,NA,NA,NA,NA,NA,NA,NA,NA,NA,NA,NA,NA,NA,NA,NA,NA,NA,NA,NA,NA,NA,NA,NA,NA,NA,NA,sdf,NA,0
56b99,deep,flow.Sequence,3_0_1_0_0_0,NA,NA,skipped,NA,373590.89999998,NA,NA,373567.70000005,373591,2024-05-07T08:25:01Z,373582.258,NA,NA,NA,NA,NA,NA,NA,NA,NA,NA,NA,NA,NA,NA,NA,NA,NA,NA,NA,NA,Konkurrent,mshindani,s,msemaji,mvutaji,kipukusa,sdfdsf,NA,1
56b99,Shallow Question,html.Page,3_0_1_0_0_1_0,mshindani,NA,form submission,6818.5420000716,373591,373582.258,373582.258,380400.80000007,380401.10000002,2024-05-07T08:25:08Z,380410.8,NA,NA,NA,NA,NA,NA,NA,NA,NA,NA,NA,NA,NA,NA,NA,NA,NA,NA,NA,NA,Konkurrent,mshindani,s,msemaji,mvutaji,kipukusa,NA,NA,1
56b99,"""Richtig""-Screen",canvas.Screen,3_0_1_0_0_1_1,NA,NA,timeout,4997.5,380404.10000002,380394.88,380410.8,385391.2,385392.70000005,2024-05-07T08:25:13Z,385408.3,NA,NA,NA,NA,NA,NA,NA,NA,NA,NA,NA,NA,NA,NA,NA,NA,NA,NA,NA,NA,Konkurrent,mshindani,s,msemaji,mvutaji,kipukusa,sdfdsf,1,1
56b99,"""Falsch""-Screen",canvas.Screen,3_0_1_0_0_1_2,NA,NA,skipped,NA,385397.80000007,NA,NA,385391.2,385397.89999998,2024-05-07T08:25:13Z,385408.3,NA,NA,NA,NA,NA,NA,NA,NA,NA,NA,NA,NA,NA,NA,NA,NA,NA,NA,NA,NA,Konkurrent,mshindani,s,msemaji,mvutaji,kipukusa,sdfdsf,NA,1
56b99,shallow,flow.Sequence,3_0_1_0_0_1,NA,NA,completion,11808.942,373591,373582.258,373582.258,385391.2,385398,2024-05-07T08:25:13Z,385408.3,NA,NA,NA,NA,NA,NA,NA,NA,NA,NA,NA,NA,NA,NA,NA,NA,NA,NA,NA,NA,Konkurrent,mshindani,s,msemaji,mvutaji,kipukusa,sdfdsf,NA,1
56b99,task,flow.Sequence,3_0_1_0_0,NA,NA,completion,11808.942,373590.89999998,373582.258,373582.258,385391.2,385398.10000002,2024-05-07T08:25:13Z,385408.3,NA,NA,NA,NA,NA,NA,NA,NA,NA,NA,NA,NA,NA,NA,NA,NA,NA,NA,NA,NA,Konkurrent,mshindani,s,msemaji,mvutaji,kipukusa,sdfdsf,NA,1
56b99,Deep Question,html.Page,3_0_1_0_1_0_0,dölf,NA,form submission,14022.500000072,385398.10000002,385391.2,385408.3,399430.80000007,399431,2024-05-07T08:25:27Z,399432.728,NA,NA,NA,NA,NA,NA,NA,NA,NA,NA,NA,NA,NA,NA,NA,NA,NA,NA,NA,NA,Zuwachs,nyongeza,d,NA,NA,NA,NA,NA,1
56b99,"""Richtig""-Screen",canvas.Screen,3_0_1_0_1_0_1,NA,NA,skipped,NA,399433.30000007,NA,NA,399430.80000007,399433.5,2024-05-07T08:25:27Z,399432.728,NA,NA,NA,NA,NA,NA,NA,NA,NA,NA,NA,NA,NA,NA,NA,NA,NA,NA,NA,NA,Zuwachs,nyongeza,d,NA,NA,NA,sdfdsf,NA,1
56b99,"""Falsch""-Screen",canvas.Screen,3_0_1_0_1_0_2,NA,NA,timeout,4997.172,399434.10000002,399432.728,399432.728,404413.2,404414.10000002,2024-05-07T08:25:32Z,404429.9,NA,NA,NA,NA,NA,NA,NA,NA,NA,NA,NA,NA,NA,NA,NA,NA,NA,NA,NA,NA,Zuwachs,nyongeza,d,NA,NA,NA,sdfdsf,0,1
56b99,deep,flow.Sequence,3_0_1_0_1_0,NA,NA,completion,19004.9,385398.10000002,385391.2,385408.3,404413.2,404414.39999998,2024-05-07T08:25:32Z,404429.9,NA,NA,NA,NA,NA,NA,NA,NA,NA,NA,NA,NA,NA,NA,NA,NA,NA,NA,NA,NA,Zuwachs,nyongeza,d,NA,NA,NA,sdfdsf,NA,1
56b99,shallow,flow.Sequence,3_0_1_0_1_1,NA,NA,skipped,NA,404414.60000002,NA,NA,404413.2,404414.70000005,2024-05-07T08:25:32Z,404429.9,NA,NA,NA,NA,NA,NA,NA,NA,NA,NA,NA,NA,NA,NA,NA,NA,NA,NA,NA,NA,Zuwachs,nyongeza,d,NA,NA,NA,sdfdsf,NA,1
56b99,task,flow.Sequence,3_0_1_0_1,NA,NA,completion,19004.9,385398.10000002,385391.2,385408.3,404413.2,404414.89999998,2024-05-07T08:25:32Z,404429.9,NA,NA,NA,NA,NA,NA,NA,NA,NA,NA,NA,NA,NA,NA,NA,NA,NA,NA,NA,NA,Zuwachs,nyongeza,d,NA,NA,NA,sdfdsf,NA,1
56b99,Deep Question,html.Page,3_0_1_0_2_0_0,klf,NA,form submission,14823.400000072,404415.10000002,404413.2,404429.9,419253.30000007,419253.5,2024-05-07T08:25:46Z,419254.734,NA,NA,NA,NA,NA,NA,NA,NA,NA,NA,NA,NA,NA,NA,NA,NA,NA,NA,NA,NA,Übersicht,kilindo,d,NA,NA,NA,NA,NA,1
56b99,"""Richtig""-Screen",canvas.Screen,3_0_1_0_2_0_1,NA,NA,skipped,NA,419256.60000002,NA,NA,419253.30000007,419256.70000005,2024-05-07T08:25:46Z,419254.734,NA,NA,NA,NA,NA,NA,NA,NA,NA,NA,NA,NA,NA,NA,NA,NA,NA,NA,NA,NA,Übersicht,kilindo,d,NA,NA,NA,sdfdsf,NA,1
56b99,"""Falsch""-Screen",canvas.Screen,3_0_1_0_2_0_2,NA,NA,timeout,4996.466,419257.5,419254.734,419254.734,424234.6,424235.60000002,2024-05-07T08:25:51Z,424251.2,NA,NA,NA,NA,NA,NA,NA,NA,NA,NA,NA,NA,NA,NA,NA,NA,NA,NA,NA,NA,Übersicht,kilindo,d,NA,NA,NA,sdfdsf,0,1
56b99,deep,flow.Sequence,3_0_1_0_2_0,NA,NA,completion,19804.7,404415.10000002,404413.2,404429.9,424234.6,424235.89999998,2024-05-07T08:25:51Z,424251.2,NA,NA,NA,NA,NA,NA,NA,NA,NA,NA,NA,NA,NA,NA,NA,NA,NA,NA,NA,NA,Übersicht,kilindo,d,NA,NA,NA,sdfdsf,NA,1
56b99,shallow,flow.Sequence,3_0_1_0_2_1,NA,NA,skipped,NA,424236,NA,NA,424234.6,424236.10000002,2024-05-07T08:25:51Z,424251.2,NA,NA,NA,NA,NA,NA,NA,NA,NA,NA,NA,NA,NA,NA,NA,NA,NA,NA,NA,NA,Übersicht,kilindo,d,NA,NA,NA,sdfdsf,NA,1
56b99,task,flow.Sequence,3_0_1_0_2,NA,NA,completion,19804.7,404415.10000002,404413.2,404429.9,424234.6,424236.39999998,2024-05-07T08:25:51Z,424251.2,NA,NA,NA,NA,NA,NA,NA,NA,NA,NA,NA,NA,NA,NA,NA,NA,NA,NA,NA,NA,Übersicht,kilindo,d,NA,NA,NA,sdfdsf,NA,1
56b99,Deep Question,html.Page,3_0_1_0_3_0_0,glf,NA,form submission,9705.1999999761,424236.60000002,424234.6,424251.2,433956.39999998,433956.60000002,2024-05-07T08:26:01Z,433978.1,NA,NA,NA,NA,NA,NA,NA,NA,NA,NA,NA,NA,NA,NA,NA,NA,NA,NA,NA,NA,Körper,kiwiliwili,d,NA,NA,NA,NA,NA,1
56b99,"""Richtig""-Screen",canvas.Screen,3_0_1_0_3_0_1,NA,NA,skipped,NA,433959.60000002,NA,NA,433956.39999998,433959.70000005,2024-05-07T08:26:01Z,433978.1,NA,NA,NA,NA,NA,NA,NA,NA,NA,NA,NA,NA,NA,NA,NA,NA,NA,NA,NA,NA,Körper,kiwiliwili,d,NA,NA,NA,sdfdsf,NA,1
56b99,"""Falsch""-Screen",canvas.Screen,3_0_1_0_3_0_2,NA,NA,timeout,4997.5,433960.5,433962.244,433978.1,438958.6,438959.89999998,2024-05-07T08:26:06Z,438975.6,NA,NA,NA,NA,NA,NA,NA,NA,NA,NA,NA,NA,NA,NA,NA,NA,NA,NA,NA,NA,Körper,kiwiliwili,d,NA,NA,NA,sdfdsf,0,1
56b99,deep,flow.Sequence,3_0_1_0_3_0,NA,NA,completion,14707.4,424236.5,424234.6,424251.2,438958.6,438960.30000007,2024-05-07T08:26:06Z,438975.6,NA,NA,NA,NA,NA,NA,NA,NA,NA,NA,NA,NA,NA,NA,NA,NA,NA,NA,NA,NA,Körper,kiwiliwili,d,NA,NA,NA,sdfdsf,NA,1
56b99,shallow,flow.Sequence,3_0_1_0_3_1,NA,NA,skipped,NA,438960.5,NA,NA,438958.6,438960.70000005,2024-05-07T08:26:06Z,438975.6,NA,NA,NA,NA,NA,NA,NA,NA,NA,NA,NA,NA,NA,NA,NA,NA,NA,NA,NA,NA,Körper,kiwiliwili,d,NA,NA,NA,sdfdsf,NA,1
56b99,task,flow.Sequence,3_0_1_0_3,NA,NA,completion,14707.4,424236.5,424234.6,424251.2,438958.6,438960.89999998,2024-05-07T08:26:06Z,438975.6,NA,NA,NA,NA,NA,NA,NA,NA,NA,NA,NA,NA,NA,NA,NA,NA,NA,NA,NA,NA,Körper,kiwiliwili,d,NA,NA,NA,sdfdsf,NA,1
56b99,deep,flow.Sequence,3_0_1_0_4_0,NA,NA,skipped,NA,438961,NA,NA,438958.6,438961.10000002,2024-05-07T08:26:06Z,438975.6,NA,NA,NA,NA,NA,NA,NA,NA,NA,NA,NA,NA,NA,NA,NA,NA,NA,NA,NA,NA,Lawine,banguko,s,maambukizi,usuluhishi,chekechea,sdfdsf,NA,1
56b99,Shallow Question,html.Page,3_0_1_0_4_1_0,banguko,NA,form submission,15133.700000072,438961.30000007,438958.6,438975.6,454109.30000007,454109.60000002,2024-05-07T08:26:21Z,454115.8,NA,NA,NA,NA,NA,NA,NA,NA,NA,NA,NA,NA,NA,NA,NA,NA,NA,NA,NA,NA,Lawine,banguko,s,maambukizi,usuluhishi,chekechea,NA,NA,1
56b99,"""Richtig""-Screen",canvas.Screen,3_0_1_0_4_1_1,NA,NA,timeout,4997.6,454112.60000002,454099.73,454115.8,459096.6,459097.60000002,2024-05-07T08:26:26Z,459113.4,NA,NA,NA,NA,NA,NA,NA,NA,NA,NA,NA,NA,NA,NA,NA,NA,NA,NA,NA,NA,Lawine,banguko,s,maambukizi,usuluhishi,chekechea,sdfdsf,1,1
56b99,"""Falsch""-Screen",canvas.Screen,3_0_1_0_4_1_2,NA,NA,skipped,NA,459102.89999998,NA,NA,459096.6,459103,2024-05-07T08:26:26Z,459113.4,NA,NA,NA,NA,NA,NA,NA,NA,NA,NA,NA,NA,NA,NA,NA,NA,NA,NA,NA,NA,Lawine,banguko,s,maambukizi,usuluhishi,chekechea,sdfdsf,NA,1
56b99,shallow,flow.Sequence,3_0_1_0_4_1,NA,NA,completion,20121,438961.20000005,438958.6,438975.6,459096.6,459103.10000002,2024-05-07T08:26:26Z,459113.4,NA,NA,NA,NA,NA,NA,NA,NA,NA,NA,NA,NA,NA,NA,NA,NA,NA,NA,NA,NA,Lawine,banguko,s,maambukizi,usuluhishi,chekechea,sdfdsf,NA,1
56b99,task,flow.Sequence,3_0_1_0_4,NA,NA,completion,20121,438961,438958.6,438975.6,459096.6,459103.10000002,2024-05-07T08:26:26Z,459113.4,NA,NA,NA,NA,NA,NA,NA,NA,NA,NA,NA,NA,NA,NA,NA,NA,NA,NA,NA,NA,Lawine,banguko,s,maambukizi,usuluhishi,chekechea,sdfdsf,NA,1
56b99,Deep Question,html.Page,3_0_1_0_5_0_0,kglf,NA,form submission,5709.9999999761,459103.20000005,459096.6,459113.4,464823.39999998,464823.60000002,2024-05-07T08:26:32Z,464826.782,NA,NA,NA,NA,NA,NA,NA,NA,NA,NA,NA,NA,NA,NA,NA,NA,NA,NA,NA,NA,Symbol,kielezo,d,NA,NA,NA,NA,NA,1
56b99,"""Richtig""-Screen",canvas.Screen,3_0_1_0_5_0_1,NA,NA,skipped,NA,464826.60000002,NA,NA,464823.39999998,464826.70000005,2024-05-07T08:26:32Z,464826.782,NA,NA,NA,NA,NA,NA,NA,NA,NA,NA,NA,NA,NA,NA,NA,NA,NA,NA,NA,NA,Symbol,kielezo,d,NA,NA,NA,sdfdsf,NA,1
56b99,"""Falsch""-Screen",canvas.Screen,3_0_1_0_5_0_2,NA,NA,timeout,4996.718,464827.39999998,464826.782,464826.782,469806.7,469807.60000002,2024-05-07T08:26:37Z,469823.5,NA,NA,NA,NA,NA,NA,NA,NA,NA,NA,NA,NA,NA,NA,NA,NA,NA,NA,NA,NA,Symbol,kielezo,d,NA,NA,NA,sdfdsf,0,1
56b99,deep,flow.Sequence,3_0_1_0_5_0,NA,NA,completion,10693.3,459103.20000005,459096.6,459113.4,469806.7,469807.89999998,2024-05-07T08:26:37Z,469823.5,NA,NA,NA,NA,NA,NA,NA,NA,NA,NA,NA,NA,NA,NA,NA,NA,NA,NA,NA,NA,Symbol,kielezo,d,NA,NA,NA,sdfdsf,NA,1
56b99,shallow,flow.Sequence,3_0_1_0_5_1,NA,NA,skipped,NA,469808,NA,NA,469806.7,469808.10000002,2024-05-07T08:26:37Z,469823.5,NA,NA,NA,NA,NA,NA,NA,NA,NA,NA,NA,NA,NA,NA,NA,NA,NA,NA,NA,NA,Symbol,kielezo,d,NA,NA,NA,sdfdsf,NA,1
56b99,task,flow.Sequence,3_0_1_0_5,NA,NA,completion,10693.3,459103.20000005,459096.6,459113.4,469806.7,469808.39999998,2024-05-07T08:26:37Z,469823.5,NA,NA,NA,NA,NA,NA,NA,NA,NA,NA,NA,NA,NA,NA,NA,NA,NA,NA,NA,NA,Symbol,kielezo,d,NA,NA,NA,sdfdsf,NA,1
56b99,deep,flow.Sequence,3_0_1_0_6_0,NA,NA,skipped,NA,469808.5,NA,NA,469806.7,469808.60000002,2024-05-07T08:26:37Z,469823.5,NA,NA,NA,NA,NA,NA,NA,NA,NA,NA,NA,NA,NA,NA,NA,NA,NA,NA,NA,NA,Vorsorge,tahadhari,s,ufafanuzi,makini,mashambani,sdfdsf,NA,1
56b99,Shallow Question,html.Page,3_0_1_0_6_1_0,mashambani,NA,form submission,9501.3999999762,469808.70000005,469806.7,469823.5,479324.89999998,479325.20000005,2024-05-07T08:26:47Z,479334,NA,NA,NA,NA,NA,NA,NA,NA,NA,NA,NA,NA,NA,NA,NA,NA,NA,NA,NA,NA,Vorsorge,tahadhari,s,ufafanuzi,makini,mashambani,NA,NA,1
56b99,"""Richtig""-Screen",canvas.Screen,3_0_1_0_6_1_1,NA,NA,skipped,NA,479328.10000002,NA,NA,479324.89999998,479328.20000005,2024-05-07T08:26:47Z,479334,NA,NA,NA,NA,NA,NA,NA,NA,NA,NA,NA,NA,NA,NA,NA,NA,NA,NA,NA,NA,Vorsorge,tahadhari,s,ufafanuzi,makini,mashambani,sdfdsf,NA,1
56b99,"""Falsch""-Screen",canvas.Screen,3_0_1_0_6_1_2,NA,NA,timeout,4997.1,479328.89999998,479317.726,479334,484314.4,484315.39999998,2024-05-07T08:26:52Z,484331.1,NA,NA,NA,NA,NA,NA,NA,NA,NA,NA,NA,NA,NA,NA,NA,NA,NA,NA,NA,NA,Vorsorge,tahadhari,s,ufafanuzi,makini,mashambani,sdfdsf,0,1
56b99,shallow,flow.Sequence,3_0_1_0_6_1,NA,NA,completion,14490.9,469808.60000002,469806.7,469823.5,484314.4,484315.80000007,2024-05-07T08:26:52Z,484331.1,NA,NA,NA,NA,NA,NA,NA,NA,NA,NA,NA,NA,NA,NA,NA,NA,NA,NA,NA,NA,Vorsorge,tahadhari,s,ufafanuzi,makini,mashambani,sdfdsf,NA,1
56b99,task,flow.Sequence,3_0_1_0_6,NA,NA,completion,14490.9,469808.5,469806.7,469823.5,484314.4,484315.89999998,2024-05-07T08:26:52Z,484331.1,NA,NA,NA,NA,NA,NA,NA,NA,NA,NA,NA,NA,NA,NA,NA,NA,NA,NA,NA,NA,Vorsorge,tahadhari,s,ufafanuzi,makini,mashambani,sdfdsf,NA,1
56b99,deep,flow.Sequence,3_0_1_0_7_0,NA,NA,skipped,NA,484316.10000002,NA,NA,484314.4,484316.20000005,2024-05-07T08:26:52Z,484331.1,NA,NA,NA,NA,NA,NA,NA,NA,NA,NA,NA,NA,NA,NA,NA,NA,NA,NA,NA,NA,System,maongozi,s,chokochoko,nuksani,mitaani,sdfdsf,NA,1
56b99,Shallow Question,html.Page,3_0_1_0_7_1_0,maongozi,NA,form submission,8542.2999999762,484316.39999998,484314.4,484331.1,492873.39999998,492873.60000002,2024-05-07T08:27:00Z,492876.128,NA,NA,NA,NA,NA,NA,NA,NA,NA,NA,NA,NA,NA,NA,NA,NA,NA,NA,NA,NA,System,maongozi,s,chokochoko,nuksani,mitaani,NA,NA,1
56b99,"""Richtig""-Screen",canvas.Screen,3_0_1_0_7_1_1,NA,NA,timeout,4996.672,492876.60000002,492876.128,492876.128,497856.2,497857.10000002,2024-05-07T08:27:05Z,497872.8,NA,NA,NA,NA,NA,NA,NA,NA,NA,NA,NA,NA,NA,NA,NA,NA,NA,NA,NA,NA,System,maongozi,s,chokochoko,nuksani,mitaani,sdfdsf,1,1
56b99,"""Falsch""-Screen",canvas.Screen,3_0_1_0_7_1_2,NA,NA,skipped,NA,497862.39999998,NA,NA,497856.2,497862.5,2024-05-07T08:27:05Z,497872.8,NA,NA,NA,NA,NA,NA,NA,NA,NA,NA,NA,NA,NA,NA,NA,NA,NA,NA,NA,NA,System,maongozi,s,chokochoko,nuksani,mitaani,sdfdsf,NA,1
56b99,shallow,flow.Sequence,3_0_1_0_7_1,NA,NA,completion,13525.1,484316.39999998,484314.4,484331.1,497856.2,497862.60000002,2024-05-07T08:27:05Z,497872.8,NA,NA,NA,NA,NA,NA,NA,NA,NA,NA,NA,NA,NA,NA,NA,NA,NA,NA,NA,NA,System,maongozi,s,chokochoko,nuksani,mitaani,sdfdsf,NA,1
56b99,task,flow.Sequence,3_0_1_0_7,NA,NA,completion,13525.1,484316,484314.4,484331.1,497856.2,497862.60000002,2024-05-07T08:27:05Z,497872.8,NA,NA,NA,NA,NA,NA,NA,NA,NA,NA,NA,NA,NA,NA,NA,NA,NA,NA,NA,NA,System,maongozi,s,chokochoko,nuksani,mitaani,sdfdsf,NA,1
56b99,block,flow.Loop,3_0_1_0,NA,NA,completion,124273.942,373590.89999998,373582.258,373582.258,497856.2,497862.70000005,2024-05-07T08:27:05Z,497872.8,NA,NA,NA,NA,NA,NA,NA,NA,NA,NA,NA,NA,NA,NA,NA,NA,NA,NA,NA,NA,NA,NA,NA,NA,NA,NA,sdfdsf,NA,1
56b99,weiter,canvas.Screen,3_0_1_1,sdf,keypress(Space),response,1712.2,497862.80000007,497856.2,497872.8,499585,499585.89999998,2024-05-07T08:27:07Z,499605.126,NA,NA,NA,NA,NA,NA,NA,NA,NA,NA,NA,NA,NA,NA,NA,NA,NA,NA,NA,NA,NA,NA,NA,NA,NA,NA,sdfdsf,NA,1
56b99,check continue,flow.Sequence,3_0_1,NA,NA,completion,126002.742,373590.89999998,373582.258,373582.258,499585,499586.20000005,2024-05-07T08:27:07Z,499605.126,NA,NA,NA,NA,NA,NA,NA,NA,NA,NA,NA,NA,NA,NA,NA,NA,NA,NA,NA,NA,NA,NA,NA,NA,NA,NA,sdfdsf,NA,1
56b99,Deep Question,html.Page,3_0_2_0_0_0_0,kiliwi,NA,form submission,15896.174000072,499604.80000007,499605.126,499605.126,515501.30000007,515501.5,2024-05-07T08:27:23Z,515511.9,NA,NA,NA,NA,NA,NA,NA,NA,NA,NA,NA,NA,NA,NA,NA,NA,NA,NA,NA,NA,Zuwachs,nyongeza,d,NA,NA,NA,NA,NA,2
56b99,"""Richtig""-Screen",canvas.Screen,3_0_2_0_0_0_1,NA,NA,skipped,NA,515504.5,NA,NA,515501.30000007,515504.70000005,2024-05-07T08:27:23Z,515511.9,NA,NA,NA,NA,NA,NA,NA,NA,NA,NA,NA,NA,NA,NA,NA,NA,NA,NA,NA,NA,Zuwachs,nyongeza,d,NA,NA,NA,sdf,NA,2
56b99,"""Falsch""-Screen",canvas.Screen,3_0_2_0_0_0_2,NA,NA,timeout,4996.8,515505.39999998,515495.762,515511.9,520492.5,520492.89999998,2024-05-07T08:27:28Z,520508.7,NA,NA,NA,NA,NA,NA,NA,NA,NA,NA,NA,NA,NA,NA,NA,NA,NA,NA,NA,NA,Zuwachs,nyongeza,d,NA,NA,NA,sdf,0,2
56b99,deep,flow.Sequence,3_0_2_0_0_0,NA,NA,completion,20887.374,499604.80000007,499605.126,499605.126,520492.5,520493,2024-05-07T08:27:28Z,520508.7,NA,NA,NA,NA,NA,NA,NA,NA,NA,NA,NA,NA,NA,NA,NA,NA,NA,NA,NA,NA,Zuwachs,nyongeza,d,NA,NA,NA,sdf,NA,2
56b99,shallow,flow.Sequence,3_0_2_0_0_1,NA,NA,skipped,NA,520493,NA,NA,520492.5,520493.10000002,2024-05-07T08:27:28Z,520508.7,NA,NA,NA,NA,NA,NA,NA,NA,NA,NA,NA,NA,NA,NA,NA,NA,NA,NA,NA,NA,Zuwachs,nyongeza,d,NA,NA,NA,sdf,NA,2
56b99,task,flow.Sequence,3_0_2_0_0,NA,NA,completion,20887.374,499604.80000007,499605.126,499605.126,520492.5,520493.20000005,2024-05-07T08:27:28Z,520508.7,NA,NA,NA,NA,NA,NA,NA,NA,NA,NA,NA,NA,NA,NA,NA,NA,NA,NA,NA,NA,Zuwachs,nyongeza,d,NA,NA,NA,sdf,NA,2
56b99,Deep Question,html.Page,3_0_2_0_1_0_0,kiliwi,NA,form submission,7081.1000000715,520493.20000005,520492.5,520508.7,527589.80000007,527590,2024-05-07T08:27:35Z,527604.8,NA,NA,NA,NA,NA,NA,NA,NA,NA,NA,NA,NA,NA,NA,NA,NA,NA,NA,NA,NA,Körper,kiwiliwili,d,NA,NA,NA,NA,NA,2
56b99,"""Richtig""-Screen",canvas.Screen,3_0_2_0_1_0_1,NA,NA,skipped,NA,527593,NA,NA,527589.80000007,527593.10000002,2024-05-07T08:27:35Z,527604.8,NA,NA,NA,NA,NA,NA,NA,NA,NA,NA,NA,NA,NA,NA,NA,NA,NA,NA,NA,NA,Körper,kiwiliwili,d,NA,NA,NA,sdf,NA,2
56b99,"""Falsch""-Screen",canvas.Screen,3_0_2_0_1_0_2,NA,NA,timeout,4996.5,527593.89999998,527588,527604.8,532584.6,532585.60000002,2024-05-07T08:27:40Z,532601.3,NA,NA,NA,NA,NA,NA,NA,NA,NA,NA,NA,NA,NA,NA,NA,NA,NA,NA,NA,NA,Körper,kiwiliwili,d,NA,NA,NA,sdf,0,2
56b99,deep,flow.Sequence,3_0_2_0_1_0,NA,NA,completion,12075.9,520493.20000005,520492.5,520508.7,532584.6,532586,2024-05-07T08:27:40Z,532601.3,NA,NA,NA,NA,NA,NA,NA,NA,NA,NA,NA,NA,NA,NA,NA,NA,NA,NA,NA,NA,Körper,kiwiliwili,d,NA,NA,NA,sdf,NA,2
56b99,shallow,flow.Sequence,3_0_2_0_1_1,NA,NA,skipped,NA,532586.10000002,NA,NA,532584.6,532586.30000007,2024-05-07T08:27:40Z,532601.3,NA,NA,NA,NA,NA,NA,NA,NA,NA,NA,NA,NA,NA,NA,NA,NA,NA,NA,NA,NA,Körper,kiwiliwili,d,NA,NA,NA,sdf,NA,2
56b99,task,flow.Sequence,3_0_2_0_1,NA,NA,completion,12075.9,520493.20000005,520492.5,520508.7,532584.6,532586.39999998,2024-05-07T08:27:40Z,532601.3,NA,NA,NA,NA,NA,NA,NA,NA,NA,NA,NA,NA,NA,NA,NA,NA,NA,NA,NA,NA,Körper,kiwiliwili,d,NA,NA,NA,sdf,NA,2
56b99,Deep Question,html.Page,3_0_2_0_2_0_0,jggl,NA,form submission,7040.8000000238,532586.60000002,532584.6,532601.3,539642.10000002,539642.30000007,2024-05-07T08:27:47Z,539647.686,NA,NA,NA,NA,NA,NA,NA,NA,NA,NA,NA,NA,NA,NA,NA,NA,NA,NA,NA,NA,Symbol,kielezo,d,NA,NA,NA,NA,NA,2
56b99,"""Richtig""-Screen",canvas.Screen,3_0_2_0_2_0_1,NA,NA,skipped,NA,539643.60000002,NA,NA,539642.10000002,539643.70000005,2024-05-07T08:27:47Z,539647.686,NA,NA,NA,NA,NA,NA,NA,NA,NA,NA,NA,NA,NA,NA,NA,NA,NA,NA,NA,NA,Symbol,kielezo,d,NA,NA,NA,sdf,NA,2
56b99,"""Falsch""-Screen",canvas.Screen,3_0_2_0_2_0_2,NA,NA,timeout,4996.214,539644,539647.686,539647.686,544627.8,544628.80000007,2024-05-07T08:27:52Z,544643.9,NA,NA,NA,NA,NA,NA,NA,NA,NA,NA,NA,NA,NA,NA,NA,NA,NA,NA,NA,NA,Symbol,kielezo,d,NA,NA,NA,sdf,0,2
56b99,deep,flow.Sequence,3_0_2_0_2_0,NA,NA,completion,12026.5,532586.60000002,532584.6,532601.3,544627.8,544629.20000005,2024-05-07T08:27:52Z,544643.9,NA,NA,NA,NA,NA,NA,NA,NA,NA,NA,NA,NA,NA,NA,NA,NA,NA,NA,NA,NA,Symbol,kielezo,d,NA,NA,NA,sdf,NA,2
56b99,shallow,flow.Sequence,3_0_2_0_2_1,NA,NA,skipped,NA,544629.30000007,NA,NA,544627.8,544629.5,2024-05-07T08:27:52Z,544643.9,NA,NA,NA,NA,NA,NA,NA,NA,NA,NA,NA,NA,NA,NA,NA,NA,NA,NA,NA,NA,Symbol,kielezo,d,NA,NA,NA,sdf,NA,2
56b99,task,flow.Sequence,3_0_2_0_2,NA,NA,completion,12026.5,532586.60000002,532584.6,532601.3,544627.8,544629.70000005,2024-05-07T08:27:52Z,544643.9,NA,NA,NA,NA,NA,NA,NA,NA,NA,NA,NA,NA,NA,NA,NA,NA,NA,NA,NA,NA,Symbol,kielezo,d,NA,NA,NA,sdf,NA,2
56b99,deep,flow.Sequence,3_0_2_0_3_0,NA,NA,skipped,NA,544629.80000007,NA,NA,544627.8,544629.89999998,2024-05-07T08:27:52Z,544643.9,NA,NA,NA,NA,NA,NA,NA,NA,NA,NA,NA,NA,NA,NA,NA,NA,NA,NA,NA,NA,Vorsorge,tahadhari,s,ufafanuzi,makini,mashambani,sdf,NA,2
56b99,Shallow Question,html.Page,3_0_2_0_3_1_0,tahadhari,NA,form submission,4879.6,544630,544627.8,544643.9,549523.5,549523.80000007,2024-05-07T08:27:57Z,549525.112,NA,NA,NA,NA,NA,NA,NA,NA,NA,NA,NA,NA,NA,NA,NA,NA,NA,NA,NA,NA,Vorsorge,tahadhari,s,ufafanuzi,makini,mashambani,NA,NA,2
56b99,"""Richtig""-Screen",canvas.Screen,3_0_2_0_3_1_1,NA,NA,timeout,4996.588,549526.89999998,549525.112,549525.112,554504.7,554505.60000002,2024-05-07T08:28:02Z,554521.7,NA,NA,NA,NA,NA,NA,NA,NA,NA,NA,NA,NA,NA,NA,NA,NA,NA,NA,NA,NA,Vorsorge,tahadhari,s,ufafanuzi,makini,mashambani,sdf,1,2
56b99,"""Falsch""-Screen",canvas.Screen,3_0_2_0_3_1_2,NA,NA,skipped,NA,554510.70000005,NA,NA,554504.7,554510.89999998,2024-05-07T08:28:02Z,554521.7,NA,NA,NA,NA,NA,NA,NA,NA,NA,NA,NA,NA,NA,NA,NA,NA,NA,NA,NA,NA,Vorsorge,tahadhari,s,ufafanuzi,makini,mashambani,sdf,NA,2
56b99,shallow,flow.Sequence,3_0_2_0_3_1,NA,NA,completion,9860.7999999999,544630,544627.8,544643.9,554504.7,554511,2024-05-07T08:28:02Z,554521.7,NA,NA,NA,NA,NA,NA,NA,NA,NA,NA,NA,NA,NA,NA,NA,NA,NA,NA,NA,NA,Vorsorge,tahadhari,s,ufafanuzi,makini,mashambani,sdf,NA,2
56b99,task,flow.Sequence,3_0_2_0_3,NA,NA,completion,9860.7999999999,544629.70000005,544627.8,544643.9,554504.7,554511.10000002,2024-05-07T08:28:02Z,554521.7,NA,NA,NA,NA,NA,NA,NA,NA,NA,NA,NA,NA,NA,NA,NA,NA,NA,NA,NA,NA,Vorsorge,tahadhari,s,ufafanuzi,makini,mashambani,sdf,NA,2
56b99,deep,flow.Sequence,3_0_2_0_4_0,NA,NA,skipped,NA,554511.20000005,NA,NA,554504.7,554511.20000005,2024-05-07T08:28:02Z,554521.7,NA,NA,NA,NA,NA,NA,NA,NA,NA,NA,NA,NA,NA,NA,NA,NA,NA,NA,NA,NA,System,maongozi,s,chokochoko,nuksani,mitaani,sdf,NA,2
56b99,Shallow Question,html.Page,3_0_2_0_4_1_0,maongozi,NA,form submission,9298.9000000239,554511.20000005,554504.7,554521.7,563820.60000002,563820.70000005,2024-05-07T08:28:11Z,563832.6,NA,NA,NA,NA,NA,NA,NA,NA,NA,NA,NA,NA,NA,NA,NA,NA,NA,NA,NA,NA,System,maongozi,s,chokochoko,nuksani,mitaani,NA,NA,2
56b99,"""Richtig""-Screen",canvas.Screen,3_0_2_0_4_1_1,NA,NA,timeout,4996.9,563823.89999998,563816.194,563832.6,568812.6,568813.89999998,2024-05-07T08:28:16Z,568829.5,NA,NA,NA,NA,NA,NA,NA,NA,NA,NA,NA,NA,NA,NA,NA,NA,NA,NA,NA,NA,System,maongozi,s,chokochoko,nuksani,mitaani,sdf,1,2
56b99,"""Falsch""-Screen",canvas.Screen,3_0_2_0_4_1_2,NA,NA,skipped,NA,568818.70000005,NA,NA,568812.6,568818.80000007,2024-05-07T08:28:16Z,568829.5,NA,NA,NA,NA,NA,NA,NA,NA,NA,NA,NA,NA,NA,NA,NA,NA,NA,NA,NA,NA,System,maongozi,s,chokochoko,nuksani,mitaani,sdf,NA,2
56b99,shallow,flow.Sequence,3_0_2_0_4_1,NA,NA,completion,14290.9,554511.20000005,554504.7,554521.7,568812.6,568818.89999998,2024-05-07T08:28:16Z,568829.5,NA,NA,NA,NA,NA,NA,NA,NA,NA,NA,NA,NA,NA,NA,NA,NA,NA,NA,NA,NA,System,maongozi,s,chokochoko,nuksani,mitaani,sdf,NA,2
56b99,task,flow.Sequence,3_0_2_0_4,NA,NA,completion,14290.9,554511.10000002,554504.7,554521.7,568812.6,568819,2024-05-07T08:28:16Z,568829.5,NA,NA,NA,NA,NA,NA,NA,NA,NA,NA,NA,NA,NA,NA,NA,NA,NA,NA,NA,NA,System,maongozi,s,chokochoko,nuksani,mitaani,sdf,NA,2
56b99,deep,flow.Sequence,3_0_2_0_5_0,NA,NA,skipped,NA,568819,NA,NA,568812.6,568819.10000002,2024-05-07T08:28:16Z,568829.5,NA,NA,NA,NA,NA,NA,NA,NA,NA,NA,NA,NA,NA,NA,NA,NA,NA,NA,NA,NA,Konkurrent,mshindani,s,msemaji,mvutaji,kipukusa,sdf,NA,2
56b99,Shallow Question,html.Page,3_0_2_0_5_1_0,mshindani,NA,form submission,6505.8999999762,568819.10000002,568812.6,568829.5,575335.39999998,575335.70000005,2024-05-07T08:28:23Z,575341.9,NA,NA,NA,NA,NA,NA,NA,NA,NA,NA,NA,NA,NA,NA,NA,NA,NA,NA,NA,NA,Konkurrent,mshindani,s,msemaji,mvutaji,kipukusa,NA,NA,2
56b99,"""Richtig""-Screen",canvas.Screen,3_0_2_0_5_1_1,NA,NA,timeout,4997,575338.39999998,575325.82,575341.9,580322.3,580323.10000002,2024-05-07T08:28:28Z,580338.9,NA,NA,NA,NA,NA,NA,NA,NA,NA,NA,NA,NA,NA,NA,NA,NA,NA,NA,NA,NA,Konkurrent,mshindani,s,msemaji,mvutaji,kipukusa,sdf,1,2
56b99,"""Falsch""-Screen",canvas.Screen,3_0_2_0_5_1_2,NA,NA,skipped,NA,580327.80000007,NA,NA,580322.3,580327.89999998,2024-05-07T08:28:28Z,580338.9,NA,NA,NA,NA,NA,NA,NA,NA,NA,NA,NA,NA,NA,NA,NA,NA,NA,NA,NA,NA,Konkurrent,mshindani,s,msemaji,mvutaji,kipukusa,sdf,NA,2
56b99,shallow,flow.Sequence,3_0_2_0_5_1,NA,NA,completion,11492.8,568819.10000002,568812.6,568829.5,580322.3,580328.20000005,2024-05-07T08:28:28Z,580338.9,NA,NA,NA,NA,NA,NA,NA,NA,NA,NA,NA,NA,NA,NA,NA,NA,NA,NA,NA,NA,Konkurrent,mshindani,s,msemaji,mvutaji,kipukusa,sdf,NA,2
56b99,task,flow.Sequence,3_0_2_0_5,NA,NA,completion,11492.8,568819,568812.6,568829.5,580322.3,580328.30000007,2024-05-07T08:28:28Z,580338.9,NA,NA,NA,NA,NA,NA,NA,NA,NA,NA,NA,NA,NA,NA,NA,NA,NA,NA,NA,NA,Konkurrent,mshindani,s,msemaji,mvutaji,kipukusa,sdf,NA,2
56b99,deep,flow.Sequence,3_0_2_0_6_0,NA,NA,skipped,NA,580328.5,NA,NA,580322.3,580328.60000002,2024-05-07T08:28:28Z,580338.9,NA,NA,NA,NA,NA,NA,NA,NA,NA,NA,NA,NA,NA,NA,NA,NA,NA,NA,NA,NA,Lawine,banguko,s,maambukizi,usuluhishi,chekechea,sdf,NA,2
56b99,Shallow Question,html.Page,3_0_2_0_6_1_0,maambukizi,NA,form submission,11780.499999976,580328.60000002,580322.3,580338.9,592119.39999998,592119.60000002,2024-05-07T08:28:39Z,592132,NA,NA,NA,NA,NA,NA,NA,NA,NA,NA,NA,NA,NA,NA,NA,NA,NA,NA,NA,NA,Lawine,banguko,s,maambukizi,usuluhishi,chekechea,NA,NA,2
56b99,"""Richtig""-Screen",canvas.Screen,3_0_2_0_6_1_1,NA,NA,skipped,NA,592122.60000002,NA,NA,592119.39999998,592122.70000005,2024-05-07T08:28:39Z,592132,NA,NA,NA,NA,NA,NA,NA,NA,NA,NA,NA,NA,NA,NA,NA,NA,NA,NA,NA,NA,Lawine,banguko,s,maambukizi,usuluhishi,chekechea,sdf,NA,2
56b99,"""Falsch""-Screen",canvas.Screen,3_0_2_0_6_1_2,NA,NA,timeout,4997,592123.39999998,592115.614,592132,597112.3,597113,2024-05-07T08:28:44Z,597129,NA,NA,NA,NA,NA,NA,NA,NA,NA,NA,NA,NA,NA,NA,NA,NA,NA,NA,NA,NA,Lawine,banguko,s,maambukizi,usuluhishi,chekechea,sdf,0,2
56b99,shallow,flow.Sequence,3_0_2_0_6_1,NA,NA,completion,16773.4,580328.60000002,580322.3,580338.9,597112.3,597113.30000007,2024-05-07T08:28:44Z,597129,NA,NA,NA,NA,NA,NA,NA,NA,NA,NA,NA,NA,NA,NA,NA,NA,NA,NA,NA,NA,Lawine,banguko,s,maambukizi,usuluhishi,chekechea,sdf,NA,2
56b99,task,flow.Sequence,3_0_2_0_6,NA,NA,completion,16773.4,580328.5,580322.3,580338.9,597112.3,597113.60000002,2024-05-07T08:28:44Z,597129,NA,NA,NA,NA,NA,NA,NA,NA,NA,NA,NA,NA,NA,NA,NA,NA,NA,NA,NA,NA,Lawine,banguko,s,maambukizi,usuluhishi,chekechea,sdf,NA,2
56b99,Deep Question,html.Page,3_0_2_0_7_0_0,kglf,NA,form submission,5241.8999999762,597113.70000005,597112.3,597129,602370.89999998,602371.10000002,2024-05-07T08:28:50Z,602392.5,NA,NA,NA,NA,NA,NA,NA,NA,NA,NA,NA,NA,NA,NA,NA,NA,NA,NA,NA,NA,Übersicht,kilindo,d,NA,NA,NA,NA,NA,2
56b99,"""Richtig""-Screen",canvas.Screen,3_0_2_0_7_0_1,NA,NA,skipped,NA,602374.20000005,NA,NA,602370.89999998,602374.39999998,2024-05-07T08:28:50Z,602392.5,NA,NA,NA,NA,NA,NA,NA,NA,NA,NA,NA,NA,NA,NA,NA,NA,NA,NA,NA,NA,Übersicht,kilindo,d,NA,NA,NA,sdf,NA,2
56b99,"""Falsch""-Screen",canvas.Screen,3_0_2_0_7_0_2,NA,NA,timeout,4996.7,602375.20000005,602375.566,602392.5,607372.5,607373.5,2024-05-07T08:28:55Z,607389.2,NA,NA,NA,NA,NA,NA,NA,NA,NA,NA,NA,NA,NA,NA,NA,NA,NA,NA,NA,NA,Übersicht,kilindo,d,NA,NA,NA,sdf,0,2
56b99,deep,flow.Sequence,3_0_2_0_7_0,NA,NA,completion,10243.5,597113.70000005,597112.3,597129,607372.5,607373.80000007,2024-05-07T08:28:55Z,607389.2,NA,NA,NA,NA,NA,NA,NA,NA,NA,NA,NA,NA,NA,NA,NA,NA,NA,NA,NA,NA,Übersicht,kilindo,d,NA,NA,NA,sdf,NA,2
56b99,shallow,flow.Sequence,3_0_2_0_7_1,NA,NA,skipped,NA,607374,NA,NA,607372.5,607374.10000002,2024-05-07T08:28:55Z,607389.2,NA,NA,NA,NA,NA,NA,NA,NA,NA,NA,NA,NA,NA,NA,NA,NA,NA,NA,NA,NA,Übersicht,kilindo,d,NA,NA,NA,sdf,NA,2
56b99,task,flow.Sequence,3_0_2_0_7,NA,NA,completion,10243.5,597113.60000002,597112.3,597129,607372.5,607374.20000005,2024-05-07T08:28:55Z,607389.2,NA,NA,NA,NA,NA,NA,NA,NA,NA,NA,NA,NA,NA,NA,NA,NA,NA,NA,NA,NA,Übersicht,kilindo,d,NA,NA,NA,sdf,NA,2
56b99,block,flow.Loop,3_0_2_0,NA,NA,completion,107767.374,499604.80000007,499605.126,499605.126,607372.5,607374.39999998,2024-05-07T08:28:55Z,607389.2,NA,NA,NA,NA,NA,NA,NA,NA,NA,NA,NA,NA,NA,NA,NA,NA,NA,NA,NA,NA,NA,NA,NA,NA,NA,NA,sdf,NA,2
56b99,weiter,canvas.Screen,3_0_2_1,sdf,keypress(Space),response,1409.9000000239,607374.60000002,607372.5,607389.2,608799.10000002,608800.20000005,2024-05-07T08:28:56Z,608805.81,NA,NA,NA,NA,NA,NA,NA,NA,NA,NA,NA,NA,NA,NA,NA,NA,NA,NA,NA,NA,NA,NA,NA,NA,NA,NA,sdf,NA,2
56b99,check continue,flow.Sequence,3_0_2,NA,NA,completion,109193.97400002,499604.80000007,499605.126,499605.126,608799.10000002,608800.39999998,2024-05-07T08:28:56Z,608805.81,NA,NA,NA,NA,NA,NA,NA,NA,NA,NA,NA,NA,NA,NA,NA,NA,NA,NA,NA,NA,NA,NA,NA,NA,NA,NA,sdf,NA,2
56b99,Deep Question,html.Page,3_0_3_0_0_0_0,kgf,NA,form submission,7719.6899999999,608819.80000007,608805.81,608805.81,616525.5,616525.80000007,2024-05-07T08:29:04Z,616533.3,NA,NA,NA,NA,NA,NA,NA,NA,NA,NA,NA,NA,NA,NA,NA,NA,NA,NA,NA,NA,Zuwachs,nyongeza,d,NA,NA,NA,NA,NA,3
56b99,"""Richtig""-Screen",canvas.Screen,3_0_3_0_0_0_1,NA,NA,skipped,NA,616528.70000005,NA,NA,616525.5,616528.89999998,2024-05-07T08:29:04Z,616533.3,NA,NA,NA,NA,NA,NA,NA,NA,NA,NA,NA,NA,NA,NA,NA,NA,NA,NA,NA,NA,Zuwachs,nyongeza,d,NA,NA,NA,qt,NA,3
56b99,"""Falsch""-Screen",canvas.Screen,3_0_3_0_0_0_2,NA,NA,timeout,4997.5,616529.39999998,616517.354,616533.3,621513.7,621514.70000005,2024-05-07T08:29:09Z,621530.8,NA,NA,NA,NA,NA,NA,NA,NA,NA,NA,NA,NA,NA,NA,NA,NA,NA,NA,NA,NA,Zuwachs,nyongeza,d,NA,NA,NA,qt,0,3
56b99,deep,flow.Sequence,3_0_3_0_0_0,NA,NA,completion,12707.89,608819.80000007,608805.81,608805.81,621513.7,621515,2024-05-07T08:29:09Z,621530.8,NA,NA,NA,NA,NA,NA,NA,NA,NA,NA,NA,NA,NA,NA,NA,NA,NA,NA,NA,NA,Zuwachs,nyongeza,d,NA,NA,NA,qt,NA,3
56b99,shallow,flow.Sequence,3_0_3_0_0_1,NA,NA,skipped,NA,621515.10000002,NA,NA,621513.7,621515.20000005,2024-05-07T08:29:09Z,621530.8,NA,NA,NA,NA,NA,NA,NA,NA,NA,NA,NA,NA,NA,NA,NA,NA,NA,NA,NA,NA,Zuwachs,nyongeza,d,NA,NA,NA,qt,NA,3
56b99,task,flow.Sequence,3_0_3_0_0,NA,NA,completion,12707.89,608819.80000007,608805.81,608805.81,621513.7,621515.5,2024-05-07T08:29:09Z,621530.8,NA,NA,NA,NA,NA,NA,NA,NA,NA,NA,NA,NA,NA,NA,NA,NA,NA,NA,NA,NA,Zuwachs,nyongeza,d,NA,NA,NA,qt,NA,3
56b99,Deep Question,html.Page,3_0_3_0_1_0_0,nyongeza,NA,form submission,14810.599999976,621515.70000005,621513.7,621530.8,636341.39999998,636341.60000002,2024-05-07T08:29:24Z,636354.9,NA,NA,NA,NA,NA,NA,NA,NA,NA,NA,NA,NA,NA,NA,NA,NA,NA,NA,NA,NA,Übersicht,kilindo,d,NA,NA,NA,NA,NA,3
56b99,"""Richtig""-Screen",canvas.Screen,3_0_3_0_1_0_1,NA,NA,skipped,NA,636344.70000005,NA,NA,636341.39999998,636344.80000007,2024-05-07T08:29:24Z,636354.9,NA,NA,NA,NA,NA,NA,NA,NA,NA,NA,NA,NA,NA,NA,NA,NA,NA,NA,NA,NA,Übersicht,kilindo,d,NA,NA,NA,qt,NA,3
56b99,"""Falsch""-Screen",canvas.Screen,3_0_3_0_1_0_2,NA,NA,timeout,4997.1,636345.60000002,636338.428,636354.9,641335,641335.89999998,2024-05-07T08:29:29Z,641352,NA,NA,NA,NA,NA,NA,NA,NA,NA,NA,NA,NA,NA,NA,NA,NA,NA,NA,NA,NA,Übersicht,kilindo,d,NA,NA,NA,qt,0,3
56b99,deep,flow.Sequence,3_0_3_0_1_0,NA,NA,completion,19804.2,621515.70000005,621513.7,621530.8,641335,641336.39999998,2024-05-07T08:29:29Z,641352,NA,NA,NA,NA,NA,NA,NA,NA,NA,NA,NA,NA,NA,NA,NA,NA,NA,NA,NA,NA,Übersicht,kilindo,d,NA,NA,NA,qt,NA,3
56b99,shallow,flow.Sequence,3_0_3_0_1_1,NA,NA,skipped,NA,641336.5,NA,NA,641335,641336.60000002,2024-05-07T08:29:29Z,641352,NA,NA,NA,NA,NA,NA,NA,NA,NA,NA,NA,NA,NA,NA,NA,NA,NA,NA,NA,NA,Übersicht,kilindo,d,NA,NA,NA,qt,NA,3
56b99,task,flow.Sequence,3_0_3_0_1,NA,NA,completion,19804.2,621515.70000005,621513.7,621530.8,641335,641336.80000007,2024-05-07T08:29:29Z,641352,NA,NA,NA,NA,NA,NA,NA,NA,NA,NA,NA,NA,NA,NA,NA,NA,NA,NA,NA,NA,Übersicht,kilindo,d,NA,NA,NA,qt,NA,3
56b99,deep,flow.Sequence,3_0_3_0_2_0,NA,NA,skipped,NA,641337,NA,NA,641335,641337.10000002,2024-05-07T08:29:29Z,641352,NA,NA,NA,NA,NA,NA,NA,NA,NA,NA,NA,NA,NA,NA,NA,NA,NA,NA,NA,NA,Vorsorge,tahadhari,s,ufafanuzi,makini,mashambani,qt,NA,3
56b99,Shallow Question,html.Page,3_0_3_0_2_1_0,tahadhari,NA,form submission,4972,641337.20000005,641335,641352,646324,646324.10000002,2024-05-07T08:29:34Z,646331.9,NA,NA,NA,NA,NA,NA,NA,NA,NA,NA,NA,NA,NA,NA,NA,NA,NA,NA,NA,NA,Vorsorge,tahadhari,s,ufafanuzi,makini,mashambani,NA,NA,3
56b99,"""Richtig""-Screen",canvas.Screen,3_0_3_0_2_1_1,NA,NA,timeout,4997.2999999999,646325.60000002,646315.486,646331.9,651312.6,651313.70000005,2024-05-07T08:29:39Z,651329.2,NA,NA,NA,NA,NA,NA,NA,NA,NA,NA,NA,NA,NA,NA,NA,NA,NA,NA,NA,NA,Vorsorge,tahadhari,s,ufafanuzi,makini,mashambani,qt,1,3
56b99,"""Falsch""-Screen",canvas.Screen,3_0_3_0_2_1_2,NA,NA,skipped,NA,651318.39999998,NA,NA,651312.6,651318.39999998,2024-05-07T08:29:39Z,651329.2,NA,NA,NA,NA,NA,NA,NA,NA,NA,NA,NA,NA,NA,NA,NA,NA,NA,NA,NA,NA,Vorsorge,tahadhari,s,ufafanuzi,makini,mashambani,qt,NA,3
56b99,shallow,flow.Sequence,3_0_3_0_2_1,NA,NA,completion,9960.6,641337.20000005,641335,641352,651312.6,651318.60000002,2024-05-07T08:29:39Z,651329.2,NA,NA,NA,NA,NA,NA,NA,NA,NA,NA,NA,NA,NA,NA,NA,NA,NA,NA,NA,NA,Vorsorge,tahadhari,s,ufafanuzi,makini,mashambani,qt,NA,3
56b99,task,flow.Sequence,3_0_3_0_2,NA,NA,completion,9960.6,641337,641335,641352,651312.6,651318.60000002,2024-05-07T08:29:39Z,651329.2,NA,NA,NA,NA,NA,NA,NA,NA,NA,NA,NA,NA,NA,NA,NA,NA,NA,NA,NA,NA,Vorsorge,tahadhari,s,ufafanuzi,makini,mashambani,qt,NA,3
56b99,Deep Question,html.Page,3_0_3_0_3_0_0,jkl,NA,form submission,4591.9000000239,651318.70000005,651312.6,651329.2,655921.10000002,655921.30000007,2024-05-07T08:29:43Z,655926,NA,NA,NA,NA,NA,NA,NA,NA,NA,NA,NA,NA,NA,NA,NA,NA,NA,NA,NA,NA,Körper,kiwiliwili,d,NA,NA,NA,NA,NA,3
56b99,"""Richtig""-Screen",canvas.Screen,3_0_3_0_3_0_1,NA,NA,skipped,NA,655922.80000007,NA,NA,655921.10000002,655922.89999998,2024-05-07T08:29:43Z,655926,NA,NA,NA,NA,NA,NA,NA,NA,NA,NA,NA,NA,NA,NA,NA,NA,NA,NA,NA,NA,Körper,kiwiliwili,d,NA,NA,NA,qt,NA,3
56b99,"""Falsch""-Screen",canvas.Screen,3_0_3_0_3_0_2,NA,NA,timeout,4997.5,655923.20000005,655909.8,655926,660906.6,660907.5,2024-05-07T08:29:48Z,660923.5,NA,NA,NA,NA,NA,NA,NA,NA,NA,NA,NA,NA,NA,NA,NA,NA,NA,NA,NA,NA,Körper,kiwiliwili,d,NA,NA,NA,qt,0,3
56b99,deep,flow.Sequence,3_0_3_0_3_0,NA,NA,completion,9577.4,651318.70000005,651312.6,651329.2,660906.6,660907.89999998,2024-05-07T08:29:48Z,660923.5,NA,NA,NA,NA,NA,NA,NA,NA,NA,NA,NA,NA,NA,NA,NA,NA,NA,NA,NA,NA,Körper,kiwiliwili,d,NA,NA,NA,qt,NA,3
56b99,shallow,flow.Sequence,3_0_3_0_3_1,NA,NA,skipped,NA,660908,NA,NA,660906.6,660908.10000002,2024-05-07T08:29:48Z,660923.5,NA,NA,NA,NA,NA,NA,NA,NA,NA,NA,NA,NA,NA,NA,NA,NA,NA,NA,NA,NA,Körper,kiwiliwili,d,NA,NA,NA,qt,NA,3
56b99,task,flow.Sequence,3_0_3_0_3,NA,NA,completion,9577.4,651318.70000005,651312.6,651329.2,660906.6,660908.30000007,2024-05-07T08:29:48Z,660923.5,NA,NA,NA,NA,NA,NA,NA,NA,NA,NA,NA,NA,NA,NA,NA,NA,NA,NA,NA,NA,Körper,kiwiliwili,d,NA,NA,NA,qt,NA,3
56b99,deep,flow.Sequence,3_0_3_0_4_0,NA,NA,skipped,NA,660908.39999998,NA,NA,660906.6,660908.5,2024-05-07T08:29:48Z,660923.5,NA,NA,NA,NA,NA,NA,NA,NA,NA,NA,NA,NA,NA,NA,NA,NA,NA,NA,NA,NA,Konkurrent,mshindani,s,msemaji,mvutaji,kipukusa,qt,NA,3
56b99,Shallow Question,html.Page,3_0_3_0_4_1_0,mshindani,NA,form submission,5349.3999999762,660908.70000005,660906.6,660923.5,666272.89999998,666273.10000002,2024-05-07T08:29:53Z,666286.4,NA,NA,NA,NA,NA,NA,NA,NA,NA,NA,NA,NA,NA,NA,NA,NA,NA,NA,NA,NA,Konkurrent,mshindani,s,msemaji,mvutaji,kipukusa,NA,NA,3
56b99,"""Richtig""-Screen",canvas.Screen,3_0_3_0_4_1_1,NA,NA,timeout,4997.4,666276,666270.55,666286.4,671266.9,671267.60000002,2024-05-07T08:29:58Z,671283.8,NA,NA,NA,NA,NA,NA,NA,NA,NA,NA,NA,NA,NA,NA,NA,NA,NA,NA,NA,NA,Konkurrent,mshindani,s,msemaji,mvutaji,kipukusa,qt,1,3
56b99,"""Falsch""-Screen",canvas.Screen,3_0_3_0_4_1_2,NA,NA,skipped,NA,671270.80000007,NA,NA,671266.9,671270.89999998,2024-05-07T08:29:58Z,671283.8,NA,NA,NA,NA,NA,NA,NA,NA,NA,NA,NA,NA,NA,NA,NA,NA,NA,NA,NA,NA,Konkurrent,mshindani,s,msemaji,mvutaji,kipukusa,qt,NA,3
56b99,shallow,flow.Sequence,3_0_3_0_4_1,NA,NA,completion,10343.4,660908.60000002,660906.6,660923.5,671266.9,671271.20000005,2024-05-07T08:29:58Z,671283.8,NA,NA,NA,NA,NA,NA,NA,NA,NA,NA,NA,NA,NA,NA,NA,NA,NA,NA,NA,NA,Konkurrent,mshindani,s,msemaji,mvutaji,kipukusa,qt,NA,3
56b99,task,flow.Sequence,3_0_3_0_4,NA,NA,completion,10343.4,660908.30000007,660906.6,660923.5,671266.9,671271.30000007,2024-05-07T08:29:58Z,671283.8,NA,NA,NA,NA,NA,NA,NA,NA,NA,NA,NA,NA,NA,NA,NA,NA,NA,NA,NA,NA,Konkurrent,mshindani,s,msemaji,mvutaji,kipukusa,qt,NA,3
56b99,deep,flow.Sequence,3_0_3_0_5_0,NA,NA,skipped,NA,671271.30000007,NA,NA,671266.9,671271.5,2024-05-07T08:29:58Z,671283.8,NA,NA,NA,NA,NA,NA,NA,NA,NA,NA,NA,NA,NA,NA,NA,NA,NA,NA,NA,NA,System,maongozi,s,chokochoko,nuksani,mitaani,qt,NA,3
56b99,Shallow Question,html.Page,3_0_3_0_5_1_0,maongozi,NA,form submission,7631.4000000476,671271.5,671266.9,671283.8,678915.20000005,678915.39999998,2024-05-07T08:30:06Z,678928.7,NA,NA,NA,NA,NA,NA,NA,NA,NA,NA,NA,NA,NA,NA,NA,NA,NA,NA,NA,NA,System,maongozi,s,chokochoko,nuksani,mitaani,NA,NA,3
56b99,"""Richtig""-Screen",canvas.Screen,3_0_3_0_5_1_1,NA,NA,timeout,4997.4,678918.39999998,678912.428,678928.7,683909.1,683910.70000005,2024-05-07T08:30:11Z,683926.1,NA,NA,NA,NA,NA,NA,NA,NA,NA,NA,NA,NA,NA,NA,NA,NA,NA,NA,NA,NA,System,maongozi,s,chokochoko,nuksani,mitaani,qt,1,3
56b99,"""Falsch""-Screen",canvas.Screen,3_0_3_0_5_1_2,NA,NA,skipped,NA,683912.89999998,NA,NA,683909.1,683913,2024-05-07T08:30:11Z,683926.1,NA,NA,NA,NA,NA,NA,NA,NA,NA,NA,NA,NA,NA,NA,NA,NA,NA,NA,NA,NA,System,maongozi,s,chokochoko,nuksani,mitaani,qt,NA,3
56b99,shallow,flow.Sequence,3_0_3_0_5_1,NA,NA,completion,12625.3,671271.5,671266.9,671283.8,683909.1,683913.10000002,2024-05-07T08:30:11Z,683926.1,NA,NA,NA,NA,NA,NA,NA,NA,NA,NA,NA,NA,NA,NA,NA,NA,NA,NA,NA,NA,System,maongozi,s,chokochoko,nuksani,mitaani,qt,NA,3
56b99,task,flow.Sequence,3_0_3_0_5,NA,NA,completion,12625.3,671271.30000007,671266.9,671283.8,683909.1,683913.20000005,2024-05-07T08:30:11Z,683926.1,NA,NA,NA,NA,NA,NA,NA,NA,NA,NA,NA,NA,NA,NA,NA,NA,NA,NA,NA,NA,System,maongozi,s,chokochoko,nuksani,mitaani,qt,NA,3
56b99,deep,flow.Sequence,3_0_3_0_6_0,NA,NA,skipped,NA,683913.20000005,NA,NA,683909.1,683913.30000007,2024-05-07T08:30:11Z,683926.1,NA,NA,NA,NA,NA,NA,NA,NA,NA,NA,NA,NA,NA,NA,NA,NA,NA,NA,NA,NA,Lawine,banguko,s,maambukizi,usuluhishi,chekechea,qt,NA,3
56b99,Shallow Question,html.Page,3_0_3_0_6_1_0,banguko,NA,form submission,6231.2000000715,683913.30000007,683909.1,683926.1,690157.30000007,690157.5,2024-05-07T08:30:17Z,690171.8,NA,NA,NA,NA,NA,NA,NA,NA,NA,NA,NA,NA,NA,NA,NA,NA,NA,NA,NA,NA,Lawine,banguko,s,maambukizi,usuluhishi,chekechea,NA,NA,3
56b99,"""Richtig""-Screen",canvas.Screen,3_0_3_0_6_1_1,NA,NA,timeout,4997,690160.30000007,690155.726,690171.8,695152.1,695153.10000002,2024-05-07T08:30:22Z,695168.8,NA,NA,NA,NA,NA,NA,NA,NA,NA,NA,NA,NA,NA,NA,NA,NA,NA,NA,NA,NA,Lawine,banguko,s,maambukizi,usuluhishi,chekechea,qt,1,3
56b99,"""Falsch""-Screen",canvas.Screen,3_0_3_0_6_1_2,NA,NA,skipped,NA,695158.20000005,NA,NA,695152.1,695158.39999998,2024-05-07T08:30:22Z,695168.8,NA,NA,NA,NA,NA,NA,NA,NA,NA,NA,NA,NA,NA,NA,NA,NA,NA,NA,NA,NA,Lawine,banguko,s,maambukizi,usuluhishi,chekechea,qt,NA,3
56b99,shallow,flow.Sequence,3_0_3_0_6_1,NA,NA,completion,11226,683913.30000007,683909.1,683926.1,695152.1,695158.39999998,2024-05-07T08:30:22Z,695168.8,NA,NA,NA,NA,NA,NA,NA,NA,NA,NA,NA,NA,NA,NA,NA,NA,NA,NA,NA,NA,Lawine,banguko,s,maambukizi,usuluhishi,chekechea,qt,NA,3
56b99,task,flow.Sequence,3_0_3_0_6,NA,NA,completion,11226,683913.20000005,683909.1,683926.1,695152.1,695158.5,2024-05-07T08:30:22Z,695168.8,NA,NA,NA,NA,NA,NA,NA,NA,NA,NA,NA,NA,NA,NA,NA,NA,NA,NA,NA,NA,Lawine,banguko,s,maambukizi,usuluhishi,chekechea,qt,NA,3
56b99,Deep Question,html.Page,3_0_3_0_7_0_0,kiliwili,NA,form submission,13760.599999976,695158.60000002,695152.1,695168.8,708929.39999998,708929.60000002,2024-05-07T08:30:36Z,708960.8,NA,NA,NA,NA,NA,NA,NA,NA,NA,NA,NA,NA,NA,NA,NA,NA,NA,NA,NA,NA,Symbol,kielezo,d,NA,NA,NA,NA,NA,3
56b99,"""Richtig""-Screen",canvas.Screen,3_0_3_0_7_0_1,NA,NA,skipped,NA,708932.5,NA,NA,708929.39999998,708932.60000002,2024-05-07T08:30:36Z,708960.8,NA,NA,NA,NA,NA,NA,NA,NA,NA,NA,NA,NA,NA,NA,NA,NA,NA,NA,NA,NA,Symbol,kielezo,d,NA,NA,NA,qt,NA,3
56b99,"""Falsch""-Screen",canvas.Screen,3_0_3_0_7_0_2,NA,NA,timeout,4996.7999999999,708933.39999998,708943.866,708960.8,713940.8,713941.60000002,2024-05-07T08:30:41Z,713957.6,NA,NA,NA,NA,NA,NA,NA,NA,NA,NA,NA,NA,NA,NA,NA,NA,NA,NA,NA,NA,Symbol,kielezo,d,NA,NA,NA,qt,0,3
56b99,deep,flow.Sequence,3_0_3_0_7_0,NA,NA,completion,18772,695158.60000002,695152.1,695168.8,713940.8,713942,2024-05-07T08:30:41Z,713957.6,NA,NA,NA,NA,NA,NA,NA,NA,NA,NA,NA,NA,NA,NA,NA,NA,NA,NA,NA,NA,Symbol,kielezo,d,NA,NA,NA,qt,NA,3
56b99,shallow,flow.Sequence,3_0_3_0_7_1,NA,NA,skipped,NA,713942.10000002,NA,NA,713940.8,713942.39999998,2024-05-07T08:30:41Z,713957.6,NA,NA,NA,NA,NA,NA,NA,NA,NA,NA,NA,NA,NA,NA,NA,NA,NA,NA,NA,NA,Symbol,kielezo,d,NA,NA,NA,qt,NA,3
56b99,task,flow.Sequence,3_0_3_0_7,NA,NA,completion,18772,695158.60000002,695152.1,695168.8,713940.8,713942.60000002,2024-05-07T08:30:41Z,713957.6,NA,NA,NA,NA,NA,NA,NA,NA,NA,NA,NA,NA,NA,NA,NA,NA,NA,NA,NA,NA,Symbol,kielezo,d,NA,NA,NA,qt,NA,3
56b99,block,flow.Loop,3_0_3_0,NA,NA,completion,105134.99,608819.80000007,608805.81,608805.81,713940.8,713942.80000007,2024-05-07T08:30:41Z,713957.6,NA,NA,NA,NA,NA,NA,NA,NA,NA,NA,NA,NA,NA,NA,NA,NA,NA,NA,NA,NA,NA,NA,NA,NA,NA,NA,qt,NA,3
56b99,weiter,canvas.Screen,3_0_3_1,sdf,keypress(Space),response,1242.7999999762,713942.89999998,713940.8,713957.6,715200.39999998,715201.20000005,2024-05-07T08:30:42Z,715207.378,NA,NA,NA,NA,NA,NA,NA,NA,NA,NA,NA,NA,NA,NA,NA,NA,NA,NA,NA,NA,NA,NA,NA,NA,NA,NA,qt,NA,3
56b99,check continue,flow.Sequence,3_0_3,NA,NA,completion,106394.58999998,608819.80000007,608805.81,608805.81,715200.39999998,715201.5,2024-05-07T08:30:42Z,715207.378,NA,NA,NA,NA,NA,NA,NA,NA,NA,NA,NA,NA,NA,NA,NA,NA,NA,NA,NA,NA,NA,NA,NA,NA,NA,NA,qt,NA,3
56b99,deep,flow.Sequence,3_0_4_0_0_0,NA,NA,skipped,NA,715219.89999998,NA,NA,715200.39999998,715219.89999998,2024-05-07T08:30:42Z,715207.378,NA,NA,NA,NA,NA,NA,NA,NA,NA,NA,NA,NA,NA,NA,NA,NA,NA,NA,NA,NA,System,maongozi,s,chokochoko,nuksani,mitaani,sd,NA,4
56b99,Shallow Question,html.Page,3_0_4_0_0_1_0,maongozi,NA,form submission,5725.122,715220,715207.378,715207.378,720932.5,720932.80000007,2024-05-07T08:30:48Z,720936.922,NA,NA,NA,NA,NA,NA,NA,NA,NA,NA,NA,NA,NA,NA,NA,NA,NA,NA,NA,NA,System,maongozi,s,chokochoko,nuksani,mitaani,NA,NA,4
56b99,"""Richtig""-Screen",canvas.Screen,3_0_4_0_0_1_1,NA,NA,timeout,4996.978,720935.5,720936.922,720936.922,725917.2,725918,2024-05-07T08:30:53Z,725933.9,NA,NA,NA,NA,NA,NA,NA,NA,NA,NA,NA,NA,NA,NA,NA,NA,NA,NA,NA,NA,System,maongozi,s,chokochoko,nuksani,mitaani,sd,1,4
56b99,"""Falsch""-Screen",canvas.Screen,3_0_4_0_0_1_2,NA,NA,skipped,NA,725922.89999998,NA,NA,725917.2,725923,2024-05-07T08:30:53Z,725933.9,NA,NA,NA,NA,NA,NA,NA,NA,NA,NA,NA,NA,NA,NA,NA,NA,NA,NA,NA,NA,System,maongozi,s,chokochoko,nuksani,mitaani,sd,NA,4
56b99,shallow,flow.Sequence,3_0_4_0_0_1,NA,NA,completion,10709.822,715220,715207.378,715207.378,725917.2,725923.30000007,2024-05-07T08:30:53Z,725933.9,NA,NA,NA,NA,NA,NA,NA,NA,NA,NA,NA,NA,NA,NA,NA,NA,NA,NA,NA,NA,System,maongozi,s,chokochoko,nuksani,mitaani,sd,NA,4
56b99,task,flow.Sequence,3_0_4_0_0,NA,NA,completion,10709.822,715219.89999998,715207.378,715207.378,725917.2,725923.5,2024-05-07T08:30:53Z,725933.9,NA,NA,NA,NA,NA,NA,NA,NA,NA,NA,NA,NA,NA,NA,NA,NA,NA,NA,NA,NA,System,maongozi,s,chokochoko,nuksani,mitaani,sd,NA,4
56b99,deep,flow.Sequence,3_0_4_0_1_0,NA,NA,skipped,NA,725923.5,NA,NA,725917.2,725923.5,2024-05-07T08:30:53Z,725933.9,NA,NA,NA,NA,NA,NA,NA,NA,NA,NA,NA,NA,NA,NA,NA,NA,NA,NA,NA,NA,Vorsorge,tahadhari,s,ufafanuzi,makini,mashambani,sd,NA,4
56b99,Shallow Question,html.Page,3_0_4_0_1_1_0,tahadhari,NA,form submission,6213.2000000238,725923.60000002,725917.2,725933.9,732147.10000002,732147.30000007,2024-05-07T08:30:59Z,732179.8,NA,NA,NA,NA,NA,NA,NA,NA,NA,NA,NA,NA,NA,NA,NA,NA,NA,NA,NA,NA,Vorsorge,tahadhari,s,ufafanuzi,makini,mashambani,NA,NA,4
56b99,"""Richtig""-Screen",canvas.Screen,3_0_4_0_1_1_1,NA,NA,timeout,4997.2999999999,732150.10000002,732163.4,732179.8,737160.1,737160.89999998,2024-05-07T08:31:04Z,737177.1,NA,NA,NA,NA,NA,NA,NA,NA,NA,NA,NA,NA,NA,NA,NA,NA,NA,NA,NA,NA,Vorsorge,tahadhari,s,ufafanuzi,makini,mashambani,sd,1,4
56b99,"""Falsch""-Screen",canvas.Screen,3_0_4_0_1_1_2,NA,NA,skipped,NA,737165.60000002,NA,NA,737160.1,737165.70000005,2024-05-07T08:31:04Z,737177.1,NA,NA,NA,NA,NA,NA,NA,NA,NA,NA,NA,NA,NA,NA,NA,NA,NA,NA,NA,NA,Vorsorge,tahadhari,s,ufafanuzi,makini,mashambani,sd,NA,4
56b99,shallow,flow.Sequence,3_0_4_0_1_1,NA,NA,completion,11226.2,725923.5,725917.2,725933.9,737160.1,737165.89999998,2024-05-07T08:31:04Z,737177.1,NA,NA,NA,NA,NA,NA,NA,NA,NA,NA,NA,NA,NA,NA,NA,NA,NA,NA,NA,NA,Vorsorge,tahadhari,s,ufafanuzi,makini,mashambani,sd,NA,4
56b99,task,flow.Sequence,3_0_4_0_1,NA,NA,completion,11226.2,725923.5,725917.2,725933.9,737160.1,737165.89999998,2024-05-07T08:31:04Z,737177.1,NA,NA,NA,NA,NA,NA,NA,NA,NA,NA,NA,NA,NA,NA,NA,NA,NA,NA,NA,NA,Vorsorge,tahadhari,s,ufafanuzi,makini,mashambani,sd,NA,4
56b99,deep,flow.Sequence,3_0_4_0_2_0,NA,NA,skipped,NA,737166,NA,NA,737160.1,737166,2024-05-07T08:31:04Z,737177.1,NA,NA,NA,NA,NA,NA,NA,NA,NA,NA,NA,NA,NA,NA,NA,NA,NA,NA,NA,NA,Konkurrent,mshindani,s,msemaji,mvutaji,kipukusa,sd,NA,4
56b99,Shallow Question,html.Page,3_0_4_0_2_1_0,mshindani,NA,form submission,9408.0000000239,737166,737160.1,737177.1,746585.10000002,746585.30000007,2024-05-07T08:31:14Z,746587.732,NA,NA,NA,NA,NA,NA,NA,NA,NA,NA,NA,NA,NA,NA,NA,NA,NA,NA,NA,NA,Konkurrent,mshindani,s,msemaji,mvutaji,kipukusa,NA,NA,4
56b99,"""Richtig""-Screen",canvas.Screen,3_0_4_0_2_1_1,NA,NA,timeout,4997.1680000001,746588.20000005,746587.732,746587.732,751568.1,751568.89999998,2024-05-07T08:31:19Z,751584.9,NA,NA,NA,NA,NA,NA,NA,NA,NA,NA,NA,NA,NA,NA,NA,NA,NA,NA,NA,NA,Konkurrent,mshindani,s,msemaji,mvutaji,kipukusa,sd,1,4
56b99,"""Falsch""-Screen",canvas.Screen,3_0_4_0_2_1_2,NA,NA,skipped,NA,751573.39999998,NA,NA,751568.1,751573.60000002,2024-05-07T08:31:19Z,751584.9,NA,NA,NA,NA,NA,NA,NA,NA,NA,NA,NA,NA,NA,NA,NA,NA,NA,NA,NA,NA,Konkurrent,mshindani,s,msemaji,mvutaji,kipukusa,sd,NA,4
56b99,shallow,flow.Sequence,3_0_4_0_2_1,NA,NA,completion,14391,737166,737160.1,737177.1,751568.1,751573.60000002,2024-05-07T08:31:19Z,751584.9,NA,NA,NA,NA,NA,NA,NA,NA,NA,NA,NA,NA,NA,NA,NA,NA,NA,NA,NA,NA,Konkurrent,mshindani,s,msemaji,mvutaji,kipukusa,sd,NA,4
56b99,task,flow.Sequence,3_0_4_0_2,NA,NA,completion,14391,737165.89999998,737160.1,737177.1,751568.1,751573.70000005,2024-05-07T08:31:19Z,751584.9,NA,NA,NA,NA,NA,NA,NA,NA,NA,NA,NA,NA,NA,NA,NA,NA,NA,NA,NA,NA,Konkurrent,mshindani,s,msemaji,mvutaji,kipukusa,sd,NA,4
56b99,Deep Question,html.Page,3_0_4_0_3_0_0,kyonze,NA,form submission,15838.800000048,751573.70000005,751568.1,751584.9,767423.70000005,767423.89999998,2024-05-07T08:31:35Z,767425.318,NA,NA,NA,NA,NA,NA,NA,NA,NA,NA,NA,NA,NA,NA,NA,NA,NA,NA,NA,NA,Körper,kiwiliwili,d,NA,NA,NA,NA,NA,4
56b99,"""Richtig""-Screen",canvas.Screen,3_0_4_0_3_0_1,NA,NA,skipped,NA,767426.80000007,NA,NA,767423.70000005,767427,2024-05-07T08:31:35Z,767425.318,NA,NA,NA,NA,NA,NA,NA,NA,NA,NA,NA,NA,NA,NA,NA,NA,NA,NA,NA,NA,Körper,kiwiliwili,d,NA,NA,NA,sd,NA,4
56b99,"""Falsch""-Screen",canvas.Screen,3_0_4_0_3_0_2,NA,NA,timeout,4996.4820000001,767427.80000007,767425.318,767425.318,772405.1,772406.70000005,2024-05-07T08:31:40Z,772421.8,NA,NA,NA,NA,NA,NA,NA,NA,NA,NA,NA,NA,NA,NA,NA,NA,NA,NA,NA,NA,Körper,kiwiliwili,d,NA,NA,NA,sd,0,4
56b99,deep,flow.Sequence,3_0_4_0_3_0,NA,NA,completion,20820.2,751573.70000005,751568.1,751584.9,772405.1,772406.80000007,2024-05-07T08:31:40Z,772421.8,NA,NA,NA,NA,NA,NA,NA,NA,NA,NA,NA,NA,NA,NA,NA,NA,NA,NA,NA,NA,Körper,kiwiliwili,d,NA,NA,NA,sd,NA,4
56b99,shallow,flow.Sequence,3_0_4_0_3_1,NA,NA,skipped,NA,772406.80000007,NA,NA,772405.1,772406.80000007,2024-05-07T08:31:40Z,772421.8,NA,NA,NA,NA,NA,NA,NA,NA,NA,NA,NA,NA,NA,NA,NA,NA,NA,NA,NA,NA,Körper,kiwiliwili,d,NA,NA,NA,sd,NA,4
56b99,task,flow.Sequence,3_0_4_0_3,NA,NA,completion,20820.2,751573.70000005,751568.1,751584.9,772405.1,772406.89999998,2024-05-07T08:31:40Z,772421.8,NA,NA,NA,NA,NA,NA,NA,NA,NA,NA,NA,NA,NA,NA,NA,NA,NA,NA,NA,NA,Körper,kiwiliwili,d,NA,NA,NA,sd,NA,4
56b99,Deep Question,html.Page,3_0_4_0_4_0_0,kyonze,NA,form submission,8762.0000000715,772407.10000002,772405.1,772421.8,781183.80000007,781184.10000002,2024-05-07T08:31:48Z,781200,NA,NA,NA,NA,NA,NA,NA,NA,NA,NA,NA,NA,NA,NA,NA,NA,NA,NA,NA,NA,Zuwachs,nyongeza,d,NA,NA,NA,NA,NA,4
56b99,"""Richtig""-Screen",canvas.Screen,3_0_4_0_4_0_1,NA,NA,skipped,NA,781187,NA,NA,781183.80000007,781187.20000005,2024-05-07T08:31:48Z,781200,NA,NA,NA,NA,NA,NA,NA,NA,NA,NA,NA,NA,NA,NA,NA,NA,NA,NA,NA,NA,Zuwachs,nyongeza,d,NA,NA,NA,sd,NA,4
56b99,"""Falsch""-Screen",canvas.Screen,3_0_4_0_4_0_2,NA,NA,timeout,4997.1,781188,781183.682,781200,786180.2,786181.10000002,2024-05-07T08:31:53Z,786197.1,NA,NA,NA,NA,NA,NA,NA,NA,NA,NA,NA,NA,NA,NA,NA,NA,NA,NA,NA,NA,Zuwachs,nyongeza,d,NA,NA,NA,sd,0,4
56b99,deep,flow.Sequence,3_0_4_0_4_0,NA,NA,completion,13758.4,772407,772405.1,772421.8,786180.2,786181.60000002,2024-05-07T08:31:53Z,786197.1,NA,NA,NA,NA,NA,NA,NA,NA,NA,NA,NA,NA,NA,NA,NA,NA,NA,NA,NA,NA,Zuwachs,nyongeza,d,NA,NA,NA,sd,NA,4
56b99,shallow,flow.Sequence,3_0_4_0_4_1,NA,NA,skipped,NA,786181.80000007,NA,NA,786180.2,786181.89999998,2024-05-07T08:31:53Z,786197.1,NA,NA,NA,NA,NA,NA,NA,NA,NA,NA,NA,NA,NA,NA,NA,NA,NA,NA,NA,NA,Zuwachs,nyongeza,d,NA,NA,NA,sd,NA,4
56b99,task,flow.Sequence,3_0_4_0_4,NA,NA,completion,13758.4,772407,772405.1,772421.8,786180.2,786182.10000002,2024-05-07T08:31:53Z,786197.1,NA,NA,NA,NA,NA,NA,NA,NA,NA,NA,NA,NA,NA,NA,NA,NA,NA,NA,NA,NA,Zuwachs,nyongeza,d,NA,NA,NA,sd,NA,4
56b99,deep,flow.Sequence,3_0_4_0_5_0,NA,NA,skipped,NA,786182.20000005,NA,NA,786180.2,786182.39999998,2024-05-07T08:31:53Z,786197.1,NA,NA,NA,NA,NA,NA,NA,NA,NA,NA,NA,NA,NA,NA,NA,NA,NA,NA,NA,NA,Lawine,banguko,s,maambukizi,usuluhishi,chekechea,sd,NA,4
56b99,Shallow Question,html.Page,3_0_4_0_5_1_0,banguko,NA,form submission,6177.4,786182.5,786180.2,786197.1,792374.5,792374.60000002,2024-05-07T08:32:00Z,792393.3,NA,NA,NA,NA,NA,NA,NA,NA,NA,NA,NA,NA,NA,NA,NA,NA,NA,NA,NA,NA,Lawine,banguko,s,maambukizi,usuluhishi,chekechea,NA,NA,4
56b99,"""Richtig""-Screen",canvas.Screen,3_0_4_0_5_1_1,NA,NA,timeout,4996.3999999999,792376.10000002,792376.1,792393.3,797373.3,797374.30000007,2024-05-07T08:32:05Z,797389.7,NA,NA,NA,NA,NA,NA,NA,NA,NA,NA,NA,NA,NA,NA,NA,NA,NA,NA,NA,NA,Lawine,banguko,s,maambukizi,usuluhishi,chekechea,sd,1,4
56b99,"""Falsch""-Screen",canvas.Screen,3_0_4_0_5_1_2,NA,NA,skipped,NA,797379.80000007,NA,NA,797373.3,797379.80000007,2024-05-07T08:32:05Z,797389.7,NA,NA,NA,NA,NA,NA,NA,NA,NA,NA,NA,NA,NA,NA,NA,NA,NA,NA,NA,NA,Lawine,banguko,s,maambukizi,usuluhishi,chekechea,sd,NA,4
56b99,shallow,flow.Sequence,3_0_4_0_5_1,NA,NA,completion,11176.2,786182.39999998,786180.2,786197.1,797373.3,797380,2024-05-07T08:32:05Z,797389.7,NA,NA,NA,NA,NA,NA,NA,NA,NA,NA,NA,NA,NA,NA,NA,NA,NA,NA,NA,NA,Lawine,banguko,s,maambukizi,usuluhishi,chekechea,sd,NA,4
56b99,task,flow.Sequence,3_0_4_0_5,NA,NA,completion,11176.2,786182.20000005,786180.2,786197.1,797373.3,797380,2024-05-07T08:32:05Z,797389.7,NA,NA,NA,NA,NA,NA,NA,NA,NA,NA,NA,NA,NA,NA,NA,NA,NA,NA,NA,NA,Lawine,banguko,s,maambukizi,usuluhishi,chekechea,sd,NA,4
56b99,Deep Question,html.Page,3_0_4_0_6_0_0,kiliwili,NA,form submission,16063.400000024,797380,797373.3,797389.7,813453.10000002,813453.30000007,2024-05-07T08:32:21Z,813463.3,NA,NA,NA,NA,NA,NA,NA,NA,NA,NA,NA,NA,NA,NA,NA,NA,NA,NA,NA,NA,Übersicht,kilindo,d,NA,NA,NA,NA,NA,4
56b99,"""Richtig""-Screen",canvas.Screen,3_0_4_0_6_0_1,NA,NA,skipped,NA,813456.20000005,NA,NA,813453.10000002,813456.30000007,2024-05-07T08:32:21Z,813463.3,NA,NA,NA,NA,NA,NA,NA,NA,NA,NA,NA,NA,NA,NA,NA,NA,NA,NA,NA,NA,Übersicht,kilindo,d,NA,NA,NA,sd,NA,4
56b99,"""Falsch""-Screen",canvas.Screen,3_0_4_0_6_0_2,NA,NA,timeout,4997,813457.10000002,813447.22,813463.3,818443.6,818444.5,2024-05-07T08:32:26Z,818460.3,NA,NA,NA,NA,NA,NA,NA,NA,NA,NA,NA,NA,NA,NA,NA,NA,NA,NA,NA,NA,Übersicht,kilindo,d,NA,NA,NA,sd,0,4
56b99,deep,flow.Sequence,3_0_4_0_6_0,NA,NA,completion,21053.9,797380,797373.3,797389.7,818443.6,818444.89999998,2024-05-07T08:32:26Z,818460.3,NA,NA,NA,NA,NA,NA,NA,NA,NA,NA,NA,NA,NA,NA,NA,NA,NA,NA,NA,NA,Übersicht,kilindo,d,NA,NA,NA,sd,NA,4
56b99,shallow,flow.Sequence,3_0_4_0_6_1,NA,NA,skipped,NA,818445,NA,NA,818443.6,818445.10000002,2024-05-07T08:32:26Z,818460.3,NA,NA,NA,NA,NA,NA,NA,NA,NA,NA,NA,NA,NA,NA,NA,NA,NA,NA,NA,NA,Übersicht,kilindo,d,NA,NA,NA,sd,NA,4
56b99,task,flow.Sequence,3_0_4_0_6,NA,NA,completion,21053.9,797380,797373.3,797389.7,818443.6,818445.39999998,2024-05-07T08:32:26Z,818460.3,NA,NA,NA,NA,NA,NA,NA,NA,NA,NA,NA,NA,NA,NA,NA,NA,NA,NA,NA,NA,Übersicht,kilindo,d,NA,NA,NA,sd,NA,4
56b99,Deep Question,html.Page,3_0_4_0_7_0_0,kyonze,NA,form submission,6965.4000000476,818445.5,818443.6,818460.3,825425.70000005,825426,2024-05-07T08:32:33Z,825439.5,NA,NA,NA,NA,NA,NA,NA,NA,NA,NA,NA,NA,NA,NA,NA,NA,NA,NA,NA,NA,Symbol,kielezo,d,NA,NA,NA,NA,NA,4
56b99,"""Richtig""-Screen",canvas.Screen,3_0_4_0_7_0_1,NA,NA,skipped,NA,825428.89999998,NA,NA,825425.70000005,825429,2024-05-07T08:32:33Z,825439.5,NA,NA,NA,NA,NA,NA,NA,NA,NA,NA,NA,NA,NA,NA,NA,NA,NA,NA,NA,NA,Symbol,kielezo,d,NA,NA,NA,sd,NA,4
56b99,"""Falsch""-Screen",canvas.Screen,3_0_4_0_7_0_2,NA,NA,timeout,4997.1,825429.70000005,825423.406,825439.5,830419.9,830421.10000002,2024-05-07T08:32:38Z,830436.6,NA,NA,NA,NA,NA,NA,NA,NA,NA,NA,NA,NA,NA,NA,NA,NA,NA,NA,NA,NA,Symbol,kielezo,d,NA,NA,NA,sd,0,4
56b99,deep,flow.Sequence,3_0_4_0_7_0,NA,NA,completion,11959.6,818445.5,818443.6,818460.3,830419.9,830421.39999998,2024-05-07T08:32:38Z,830436.6,NA,NA,NA,NA,NA,NA,NA,NA,NA,NA,NA,NA,NA,NA,NA,NA,NA,NA,NA,NA,Symbol,kielezo,d,NA,NA,NA,sd,NA,4
56b99,shallow,flow.Sequence,3_0_4_0_7_1,NA,NA,skipped,NA,830421.60000002,NA,NA,830419.9,830421.80000007,2024-05-07T08:32:38Z,830436.6,NA,NA,NA,NA,NA,NA,NA,NA,NA,NA,NA,NA,NA,NA,NA,NA,NA,NA,NA,NA,Symbol,kielezo,d,NA,NA,NA,sd,NA,4
56b99,task,flow.Sequence,3_0_4_0_7,NA,NA,completion,11959.6,818445.39999998,818443.6,818460.3,830419.9,830421.89999998,2024-05-07T08:32:38Z,830436.6,NA,NA,NA,NA,NA,NA,NA,NA,NA,NA,NA,NA,NA,NA,NA,NA,NA,NA,NA,NA,Symbol,kielezo,d,NA,NA,NA,sd,NA,4
56b99,block,flow.Loop,3_0_4_0,NA,NA,completion,115212.522,715219.89999998,715207.378,715207.378,830419.9,830422.20000005,2024-05-07T08:32:38Z,830436.6,NA,NA,NA,NA,NA,NA,NA,NA,NA,NA,NA,NA,NA,NA,NA,NA,NA,NA,NA,NA,NA,NA,NA,NA,NA,NA,sd,NA,4
56b99,weiter,canvas.Screen,3_0_4_1,sdf,keypress(Space),response,1636.6000000477,830422.20000005,830419.9,830436.6,832073.20000005,832074.30000007,2024-05-07T08:32:39Z,832085.972,NA,NA,NA,NA,NA,NA,NA,NA,NA,NA,NA,NA,NA,NA,NA,NA,NA,NA,NA,NA,NA,NA,NA,NA,NA,NA,sd,NA,4
56b99,check continue,flow.Sequence,3_0_4,NA,NA,completion,116865.82200005,715219.80000007,715207.378,715207.378,832073.20000005,832074.70000005,2024-05-07T08:32:39Z,832085.972,NA,NA,NA,NA,NA,NA,NA,NA,NA,NA,NA,NA,NA,NA,NA,NA,NA,NA,NA,NA,NA,NA,NA,NA,NA,NA,sd,NA,4
56b99,deep,flow.Sequence,3_0_5_0_0_0,NA,NA,skipped,NA,832092.89999998,NA,NA,832073.20000005,832093,2024-05-07T08:32:39Z,832085.972,NA,NA,NA,NA,NA,NA,NA,NA,NA,NA,NA,NA,NA,NA,NA,NA,NA,NA,NA,NA,Lawine,banguko,s,maambukizi,usuluhishi,chekechea,sdf,NA,5
56b99,Shallow Question,html.Page,3_0_5_0_0_1_0,banguko,NA,form submission,9584.6280000239,832093.10000002,832085.972,832085.972,841670.60000002,841670.80000007,2024-05-07T08:32:49Z,841679.5,NA,NA,NA,NA,NA,NA,NA,NA,NA,NA,NA,NA,NA,NA,NA,NA,NA,NA,NA,NA,Lawine,banguko,s,maambukizi,usuluhishi,chekechea,NA,NA,5
56b99,"""Richtig""-Screen",canvas.Screen,3_0_5_0_0_1_1,NA,NA,timeout,4997.2,841673.80000007,841663.4,841679.5,846659.9,846661,2024-05-07T08:32:54Z,846676.7,NA,NA,NA,NA,NA,NA,NA,NA,NA,NA,NA,NA,NA,NA,NA,NA,NA,NA,NA,NA,Lawine,banguko,s,maambukizi,usuluhishi,chekechea,sdf,1,5
56b99,"""Falsch""-Screen",canvas.Screen,3_0_5_0_0_1_2,NA,NA,skipped,NA,846666.20000005,NA,NA,846659.9,846666.30000007,2024-05-07T08:32:54Z,846676.7,NA,NA,NA,NA,NA,NA,NA,NA,NA,NA,NA,NA,NA,NA,NA,NA,NA,NA,NA,NA,Lawine,banguko,s,maambukizi,usuluhishi,chekechea,sdf,NA,5
56b99,shallow,flow.Sequence,3_0_5_0_0_1,NA,NA,completion,14573.928,832093,832085.972,832085.972,846659.9,846666.39999998,2024-05-07T08:32:54Z,846676.7,NA,NA,NA,NA,NA,NA,NA,NA,NA,NA,NA,NA,NA,NA,NA,NA,NA,NA,NA,NA,Lawine,banguko,s,maambukizi,usuluhishi,chekechea,sdf,NA,5
56b99,task,flow.Sequence,3_0_5_0_0,NA,NA,completion,14573.928,832092.70000005,832085.972,832085.972,846659.9,846666.5,2024-05-07T08:32:54Z,846676.7,NA,NA,NA,NA,NA,NA,NA,NA,NA,NA,NA,NA,NA,NA,NA,NA,NA,NA,NA,NA,Lawine,banguko,s,maambukizi,usuluhishi,chekechea,sdf,NA,5
56b99,Deep Question,html.Page,3_0_5_0_1_0_0,kiliwili,NA,form submission,17632.199999976,846666.5,846659.9,846676.7,864308.89999998,864309,2024-05-07T08:33:12Z,864332.6,NA,NA,NA,NA,NA,NA,NA,NA,NA,NA,NA,NA,NA,NA,NA,NA,NA,NA,NA,NA,Symbol,kielezo,d,NA,NA,NA,NA,NA,5
56b99,"""Richtig""-Screen",canvas.Screen,3_0_5_0_1_0_1,NA,NA,skipped,NA,864310.39999998,NA,NA,864308.89999998,864310.39999998,2024-05-07T08:33:12Z,864332.6,NA,NA,NA,NA,NA,NA,NA,NA,NA,NA,NA,NA,NA,NA,NA,NA,NA,NA,NA,NA,Symbol,kielezo,d,NA,NA,NA,sdf,NA,5
56b99,"""Falsch""-Screen",canvas.Screen,3_0_5_0_1_0_2,NA,NA,timeout,4996.6,864310.80000007,864316.1,864332.6,869312.8,869313.70000005,2024-05-07T08:33:17Z,869329.2,NA,NA,NA,NA,NA,NA,NA,NA,NA,NA,NA,NA,NA,NA,NA,NA,NA,NA,NA,NA,Symbol,kielezo,d,NA,NA,NA,sdf,0,5
56b99,deep,flow.Sequence,3_0_5_0_1_0,NA,NA,completion,22636.1,846666.5,846659.9,846676.7,869312.8,869314.10000002,2024-05-07T08:33:17Z,869329.2,NA,NA,NA,NA,NA,NA,NA,NA,NA,NA,NA,NA,NA,NA,NA,NA,NA,NA,NA,NA,Symbol,kielezo,d,NA,NA,NA,sdf,NA,5
56b99,shallow,flow.Sequence,3_0_5_0_1_1,NA,NA,skipped,NA,869314.20000005,NA,NA,869312.8,869314.39999998,2024-05-07T08:33:17Z,869329.2,NA,NA,NA,NA,NA,NA,NA,NA,NA,NA,NA,NA,NA,NA,NA,NA,NA,NA,NA,NA,Symbol,kielezo,d,NA,NA,NA,sdf,NA,5
56b99,task,flow.Sequence,3_0_5_0_1,NA,NA,completion,22636.1,846666.5,846659.9,846676.7,869312.8,869314.60000002,2024-05-07T08:33:17Z,869329.2,NA,NA,NA,NA,NA,NA,NA,NA,NA,NA,NA,NA,NA,NA,NA,NA,NA,NA,NA,NA,Symbol,kielezo,d,NA,NA,NA,sdf,NA,5
56b99,Deep Question,html.Page,3_0_5_0_2_0_0,fds,NA,form submission,5684.5000000477,869314.80000007,869312.8,869329.2,875013.70000005,875013.89999998,2024-05-07T08:33:22Z,875026,NA,NA,NA,NA,NA,NA,NA,NA,NA,NA,NA,NA,NA,NA,NA,NA,NA,NA,NA,NA,Körper,kiwiliwili,d,NA,NA,NA,NA,NA,5
56b99,"""Richtig""-Screen",canvas.Screen,3_0_5_0_2_0_1,NA,NA,skipped,NA,875016.80000007,NA,NA,875013.70000005,875016.89999998,2024-05-07T08:33:22Z,875026,NA,NA,NA,NA,NA,NA,NA,NA,NA,NA,NA,NA,NA,NA,NA,NA,NA,NA,NA,NA,Körper,kiwiliwili,d,NA,NA,NA,sdf,NA,5
56b99,"""Falsch""-Screen",canvas.Screen,3_0_5_0_2_0_2,NA,NA,timeout,4997.1,875017.5,875009.654,875026,880006,880007,2024-05-07T08:33:27Z,880023.1,NA,NA,NA,NA,NA,NA,NA,NA,NA,NA,NA,NA,NA,NA,NA,NA,NA,NA,NA,NA,Körper,kiwiliwili,d,NA,NA,NA,sdf,0,5
56b99,deep,flow.Sequence,3_0_5_0_2_0,NA,NA,completion,10676.8,869314.70000005,869312.8,869329.2,880006,880007.30000007,2024-05-07T08:33:27Z,880023.1,NA,NA,NA,NA,NA,NA,NA,NA,NA,NA,NA,NA,NA,NA,NA,NA,NA,NA,NA,NA,Körper,kiwiliwili,d,NA,NA,NA,sdf,NA,5
56b99,shallow,flow.Sequence,3_0_5_0_2_1,NA,NA,skipped,NA,880007.39999998,NA,NA,880006,880007.60000002,2024-05-07T08:33:27Z,880023.1,NA,NA,NA,NA,NA,NA,NA,NA,NA,NA,NA,NA,NA,NA,NA,NA,NA,NA,NA,NA,Körper,kiwiliwili,d,NA,NA,NA,sdf,NA,5
56b99,task,flow.Sequence,3_0_5_0_2,NA,NA,completion,10676.8,869314.60000002,869312.8,869329.2,880006,880007.70000005,2024-05-07T08:33:27Z,880023.1,NA,NA,NA,NA,NA,NA,NA,NA,NA,NA,NA,NA,NA,NA,NA,NA,NA,NA,NA,NA,Körper,kiwiliwili,d,NA,NA,NA,sdf,NA,5
56b99,deep,flow.Sequence,3_0_5_0_3_0,NA,NA,skipped,NA,880007.89999998,NA,NA,880006,880007.89999998,2024-05-07T08:33:27Z,880023.1,NA,NA,NA,NA,NA,NA,NA,NA,NA,NA,NA,NA,NA,NA,NA,NA,NA,NA,NA,NA,Konkurrent,mshindani,s,msemaji,mvutaji,kipukusa,sdf,NA,5
56b99,Shallow Question,html.Page,3_0_5_0_3_1_0,mshindani,NA,form submission,5730.5000000239,880008.10000002,880006,880023.1,885753.60000002,885753.89999998,2024-05-07T08:33:33Z,885769.4,NA,NA,NA,NA,NA,NA,NA,NA,NA,NA,NA,NA,NA,NA,NA,NA,NA,NA,NA,NA,Konkurrent,mshindani,s,msemaji,mvutaji,kipukusa,NA,NA,5
56b99,"""Richtig""-Screen",canvas.Screen,3_0_5_0_3_1_1,NA,NA,timeout,4997.1,885756.70000005,885753.148,885769.4,890749.7,890750.70000005,2024-05-07T08:33:38Z,890766.5,NA,NA,NA,NA,NA,NA,NA,NA,NA,NA,NA,NA,NA,NA,NA,NA,NA,NA,NA,NA,Konkurrent,mshindani,s,msemaji,mvutaji,kipukusa,sdf,1,5
56b99,"""Falsch""-Screen",canvas.Screen,3_0_5_0_3_1_2,NA,NA,skipped,NA,890755.5,NA,NA,890749.7,890755.60000002,2024-05-07T08:33:38Z,890766.5,NA,NA,NA,NA,NA,NA,NA,NA,NA,NA,NA,NA,NA,NA,NA,NA,NA,NA,NA,NA,Konkurrent,mshindani,s,msemaji,mvutaji,kipukusa,sdf,NA,5
56b99,shallow,flow.Sequence,3_0_5_0_3_1,NA,NA,completion,10726.6,880008,880006,880023.1,890749.7,890755.70000005,2024-05-07T08:33:38Z,890766.5,NA,NA,NA,NA,NA,NA,NA,NA,NA,NA,NA,NA,NA,NA,NA,NA,NA,NA,NA,NA,Konkurrent,mshindani,s,msemaji,mvutaji,kipukusa,sdf,NA,5
56b99,task,flow.Sequence,3_0_5_0_3,NA,NA,completion,10726.6,880007.80000007,880006,880023.1,890749.7,890755.80000007,2024-05-07T08:33:38Z,890766.5,NA,NA,NA,NA,NA,NA,NA,NA,NA,NA,NA,NA,NA,NA,NA,NA,NA,NA,NA,NA,Konkurrent,mshindani,s,msemaji,mvutaji,kipukusa,sdf,NA,5
56b99,Deep Question,html.Page,3_0_5_0_4_0_0,kjkd,NA,form submission,12632.300000072,890755.80000007,890749.7,890766.5,903398.80000007,903398.89999998,2024-05-07T08:33:51Z,903408.4,NA,NA,NA,NA,NA,NA,NA,NA,NA,NA,NA,NA,NA,NA,NA,NA,NA,NA,NA,NA,Übersicht,kilindo,d,NA,NA,NA,NA,NA,5
56b99,"""Richtig""-Screen",canvas.Screen,3_0_5_0_4_0_1,NA,NA,skipped,NA,903400.70000005,NA,NA,903398.80000007,903400.89999998,2024-05-07T08:33:51Z,903408.4,NA,NA,NA,NA,NA,NA,NA,NA,NA,NA,NA,NA,NA,NA,NA,NA,NA,NA,NA,NA,Übersicht,kilindo,d,NA,NA,NA,sdf,NA,5
56b99,"""Falsch""-Screen",canvas.Screen,3_0_5_0_4_0_2,NA,NA,timeout,4997.2999999999,903401.39999998,903392.196,903408.4,908388.7,908389.5,2024-05-07T08:33:56Z,908405.7,NA,NA,NA,NA,NA,NA,NA,NA,NA,NA,NA,NA,NA,NA,NA,NA,NA,NA,NA,NA,Übersicht,kilindo,d,NA,NA,NA,sdf,0,5
56b99,deep,flow.Sequence,3_0_5_0_4_0,NA,NA,completion,17622.2,890755.80000007,890749.7,890766.5,908388.7,908389.80000007,2024-05-07T08:33:56Z,908405.7,NA,NA,NA,NA,NA,NA,NA,NA,NA,NA,NA,NA,NA,NA,NA,NA,NA,NA,NA,NA,Übersicht,kilindo,d,NA,NA,NA,sdf,NA,5
56b99,shallow,flow.Sequence,3_0_5_0_4_1,NA,NA,skipped,NA,908389.89999998,NA,NA,908388.7,908390,2024-05-07T08:33:56Z,908405.7,NA,NA,NA,NA,NA,NA,NA,NA,NA,NA,NA,NA,NA,NA,NA,NA,NA,NA,NA,NA,Übersicht,kilindo,d,NA,NA,NA,sdf,NA,5
56b99,task,flow.Sequence,3_0_5_0_4,NA,NA,completion,17622.2,890755.80000007,890749.7,890766.5,908388.7,908390.20000005,2024-05-07T08:33:56Z,908405.7,NA,NA,NA,NA,NA,NA,NA,NA,NA,NA,NA,NA,NA,NA,NA,NA,NA,NA,NA,NA,Übersicht,kilindo,d,NA,NA,NA,sdf,NA,5
56b99,deep,flow.Sequence,3_0_5_0_5_0,NA,NA,skipped,NA,908390.30000007,NA,NA,908388.7,908390.39999998,2024-05-07T08:33:56Z,908405.7,NA,NA,NA,NA,NA,NA,NA,NA,NA,NA,NA,NA,NA,NA,NA,NA,NA,NA,NA,NA,Vorsorge,tahadhari,s,ufafanuzi,makini,mashambani,sdf,NA,5
56b99,Shallow Question,html.Page,3_0_5_0_5_1_0,tahadhari,NA,form submission,6259.6000000716,908390.5,908388.7,908405.7,914665.30000007,914665.39999998,2024-05-07T08:34:02Z,914669.056,NA,NA,NA,NA,NA,NA,NA,NA,NA,NA,NA,NA,NA,NA,NA,NA,NA,NA,NA,NA,Vorsorge,tahadhari,s,ufafanuzi,makini,mashambani,NA,NA,5
56b99,"""Richtig""-Screen",canvas.Screen,3_0_5_0_5_1_1,NA,NA,timeout,4996.344,914668.39999998,914669.056,914669.056,919648.5,919649.39999998,2024-05-07T08:34:07Z,919665.4,NA,NA,NA,NA,NA,NA,NA,NA,NA,NA,NA,NA,NA,NA,NA,NA,NA,NA,NA,NA,Vorsorge,tahadhari,s,ufafanuzi,makini,mashambani,sdf,1,5
56b99,"""Falsch""-Screen",canvas.Screen,3_0_5_0_5_1_2,NA,NA,skipped,NA,919654.39999998,NA,NA,919648.5,919654.60000002,2024-05-07T08:34:07Z,919665.4,NA,NA,NA,NA,NA,NA,NA,NA,NA,NA,NA,NA,NA,NA,NA,NA,NA,NA,NA,NA,Vorsorge,tahadhari,s,ufafanuzi,makini,mashambani,sdf,NA,5
56b99,shallow,flow.Sequence,3_0_5_0_5_1,NA,NA,completion,11242.8,908390.5,908388.7,908405.7,919648.5,919654.70000005,2024-05-07T08:34:07Z,919665.4,NA,NA,NA,NA,NA,NA,NA,NA,NA,NA,NA,NA,NA,NA,NA,NA,NA,NA,NA,NA,Vorsorge,tahadhari,s,ufafanuzi,makini,mashambani,sdf,NA,5
56b99,task,flow.Sequence,3_0_5_0_5,NA,NA,completion,11242.8,908390.30000007,908388.7,908405.7,919648.5,919654.80000007,2024-05-07T08:34:07Z,919665.4,NA,NA,NA,NA,NA,NA,NA,NA,NA,NA,NA,NA,NA,NA,NA,NA,NA,NA,NA,NA,Vorsorge,tahadhari,s,ufafanuzi,makini,mashambani,sdf,NA,5
56b99,deep,flow.Sequence,3_0_5_0_6_0,NA,NA,skipped,NA,919654.80000007,NA,NA,919648.5,919654.89999998,2024-05-07T08:34:07Z,919665.4,NA,NA,NA,NA,NA,NA,NA,NA,NA,NA,NA,NA,NA,NA,NA,NA,NA,NA,NA,NA,System,maongozi,s,chokochoko,nuksani,mitaani,sdf,NA,5
56b99,Shallow Question,html.Page,3_0_5_0_6_1_0,maongozi,NA,form submission,6864.8000000477,919654.89999998,919648.5,919665.4,926530.20000005,926530.39999998,2024-05-07T08:34:14Z,926544.2,NA,NA,NA,NA,NA,NA,NA,NA,NA,NA,NA,NA,NA,NA,NA,NA,NA,NA,NA,NA,System,maongozi,s,chokochoko,nuksani,mitaani,NA,NA,5
56b99,"""Richtig""-Screen",canvas.Screen,3_0_5_0_6_1_1,NA,NA,timeout,4997.5,926532.39999998,926528.158,926544.2,931524.9,931525.89999998,2024-05-07T08:34:19Z,931541.7,NA,NA,NA,NA,NA,NA,NA,NA,NA,NA,NA,NA,NA,NA,NA,NA,NA,NA,NA,NA,System,maongozi,s,chokochoko,nuksani,mitaani,sdf,1,5
56b99,"""Falsch""-Screen",canvas.Screen,3_0_5_0_6_1_2,NA,NA,skipped,NA,931531.20000005,NA,NA,931524.9,931531.20000005,2024-05-07T08:34:19Z,931541.7,NA,NA,NA,NA,NA,NA,NA,NA,NA,NA,NA,NA,NA,NA,NA,NA,NA,NA,NA,NA,System,maongozi,s,chokochoko,nuksani,mitaani,sdf,NA,5
56b99,shallow,flow.Sequence,3_0_5_0_6_1,NA,NA,completion,11859.5,919654.89999998,919648.5,919665.4,931524.9,931531.30000007,2024-05-07T08:34:19Z,931541.7,NA,NA,NA,NA,NA,NA,NA,NA,NA,NA,NA,NA,NA,NA,NA,NA,NA,NA,NA,NA,System,maongozi,s,chokochoko,nuksani,mitaani,sdf,NA,5
56b99,task,flow.Sequence,3_0_5_0_6,NA,NA,completion,11859.5,919654.80000007,919648.5,919665.4,931524.9,931531.30000007,2024-05-07T08:34:19Z,931541.7,NA,NA,NA,NA,NA,NA,NA,NA,NA,NA,NA,NA,NA,NA,NA,NA,NA,NA,NA,NA,System,maongozi,s,chokochoko,nuksani,mitaani,sdf,NA,5
56b99,Deep Question,html.Page,3_0_5_0_7_0_0,fgs,NA,form submission,19318.000000048,931531.5,931524.9,931541.7,950859.70000005,950859.89999998,2024-05-07T08:34:38Z,950863.392,NA,NA,NA,NA,NA,NA,NA,NA,NA,NA,NA,NA,NA,NA,NA,NA,NA,NA,NA,NA,Zuwachs,nyongeza,d,NA,NA,NA,NA,NA,5
56b99,"""Richtig""-Screen",canvas.Screen,3_0_5_0_7_0_1,NA,NA,skipped,NA,950862.80000007,NA,NA,950859.70000005,950862.89999998,2024-05-07T08:34:38Z,950863.392,NA,NA,NA,NA,NA,NA,NA,NA,NA,NA,NA,NA,NA,NA,NA,NA,NA,NA,NA,NA,Zuwachs,nyongeza,d,NA,NA,NA,sdf,NA,5
56b99,"""Falsch""-Screen",canvas.Screen,3_0_5_0_7_0_2,NA,NA,timeout,4996.708,950863.70000005,950863.392,950863.392,955843.5,955844.5,2024-05-07T08:34:43Z,955860.1,NA,NA,NA,NA,NA,NA,NA,NA,NA,NA,NA,NA,NA,NA,NA,NA,NA,NA,NA,NA,Zuwachs,nyongeza,d,NA,NA,NA,sdf,0,5
56b99,deep,flow.Sequence,3_0_5_0_7_0,NA,NA,completion,24301.8,931531.39999998,931524.9,931541.7,955843.5,955844.89999998,2024-05-07T08:34:43Z,955860.1,NA,NA,NA,NA,NA,NA,NA,NA,NA,NA,NA,NA,NA,NA,NA,NA,NA,NA,NA,NA,Zuwachs,nyongeza,d,NA,NA,NA,sdf,NA,5
56b99,shallow,flow.Sequence,3_0_5_0_7_1,NA,NA,skipped,NA,955845.10000002,NA,NA,955843.5,955845.20000005,2024-05-07T08:34:43Z,955860.1,NA,NA,NA,NA,NA,NA,NA,NA,NA,NA,NA,NA,NA,NA,NA,NA,NA,NA,NA,NA,Zuwachs,nyongeza,d,NA,NA,NA,sdf,NA,5
56b99,task,flow.Sequence,3_0_5_0_7,NA,NA,completion,24301.8,931531.39999998,931524.9,931541.7,955843.5,955845.39999998,2024-05-07T08:34:43Z,955860.1,NA,NA,NA,NA,NA,NA,NA,NA,NA,NA,NA,NA,NA,NA,NA,NA,NA,NA,NA,NA,Zuwachs,nyongeza,d,NA,NA,NA,sdf,NA,5
56b99,block,flow.Loop,3_0_5_0,NA,NA,completion,123757.528,832092.70000005,832085.972,832085.972,955843.5,955845.70000005,2024-05-07T08:34:43Z,955860.1,NA,NA,NA,NA,NA,NA,NA,NA,NA,NA,NA,NA,NA,NA,NA,NA,NA,NA,NA,NA,NA,NA,NA,NA,NA,NA,sdf,NA,5
56b99,weiter,canvas.Screen,3_0_5_1,sdf,keypress(Space),response,2981.2999999762,955845.80000007,955843.5,955860.1,958841.39999998,958843.20000005,2024-05-07T08:34:46Z,958857.9,NA,NA,NA,NA,NA,NA,NA,NA,NA,NA,NA,NA,NA,NA,NA,NA,NA,NA,NA,NA,NA,NA,NA,NA,NA,NA,sdf,NA,5
56b99,check continue,flow.Sequence,3_0_5,NA,NA,completion,126755.42799998,832092.70000005,832085.972,832085.972,958841.39999998,958843.5,2024-05-07T08:34:46Z,958857.9,NA,NA,NA,NA,NA,NA,NA,NA,NA,NA,NA,NA,NA,NA,NA,NA,NA,NA,NA,NA,NA,NA,NA,NA,NA,NA,sdf,NA,5
56b99,Deep Question,html.Page,3_0_6_0_0_0_0,kiliwili,NA,form submission,18191.800000048,958861.39999998,958841.3,958857.9,977049.70000005,977049.89999998,2024-05-07T08:35:04Z,977080.2,NA,NA,NA,NA,NA,NA,NA,NA,NA,NA,NA,NA,NA,NA,NA,NA,NA,NA,NA,NA,Zuwachs,nyongeza,d,NA,NA,NA,NA,NA,6
56b99,"""Richtig""-Screen",canvas.Screen,3_0_6_0_0_0_1,NA,NA,skipped,NA,977053.10000002,NA,NA,977049.70000005,977053.20000005,2024-05-07T08:35:04Z,977080.2,NA,NA,NA,NA,NA,NA,NA,NA,NA,NA,NA,NA,NA,NA,NA,NA,NA,NA,NA,NA,Zuwachs,nyongeza,d,NA,NA,NA,dfs,NA,6
56b99,"""Falsch""-Screen",canvas.Screen,3_0_6_0_0_0_2,NA,NA,timeout,4997.1000000001,977054.10000002,977064.094,977080.2,982060.4,982061.60000002,2024-05-07T08:35:09Z,982077.3,NA,NA,NA,NA,NA,NA,NA,NA,NA,NA,NA,NA,NA,NA,NA,NA,NA,NA,NA,NA,Zuwachs,nyongeza,d,NA,NA,NA,dfs,0,6
56b99,deep,flow.Sequence,3_0_6_0_0_0,NA,NA,completion,23202.5,958861.39999998,958841.3,958857.9,982060.4,982062,2024-05-07T08:35:09Z,982077.3,NA,NA,NA,NA,NA,NA,NA,NA,NA,NA,NA,NA,NA,NA,NA,NA,NA,NA,NA,NA,Zuwachs,nyongeza,d,NA,NA,NA,dfs,NA,6
56b99,shallow,flow.Sequence,3_0_6_0_0_1,NA,NA,skipped,NA,982062.20000005,NA,NA,982060.4,982062.20000005,2024-05-07T08:35:09Z,982077.3,NA,NA,NA,NA,NA,NA,NA,NA,NA,NA,NA,NA,NA,NA,NA,NA,NA,NA,NA,NA,Zuwachs,nyongeza,d,NA,NA,NA,dfs,NA,6
56b99,task,flow.Sequence,3_0_6_0_0,NA,NA,completion,23202.5,958861.39999998,958841.3,958857.9,982060.4,982062.5,2024-05-07T08:35:09Z,982077.3,NA,NA,NA,NA,NA,NA,NA,NA,NA,NA,NA,NA,NA,NA,NA,NA,NA,NA,NA,NA,Zuwachs,nyongeza,d,NA,NA,NA,dfs,NA,6
56b99,deep,flow.Sequence,3_0_6_0_1_0,NA,NA,skipped,NA,982062.60000002,NA,NA,982060.4,982062.70000005,2024-05-07T08:35:09Z,982077.3,NA,NA,NA,NA,NA,NA,NA,NA,NA,NA,NA,NA,NA,NA,NA,NA,NA,NA,NA,NA,System,maongozi,s,chokochoko,nuksani,mitaani,dfs,NA,6
56b99,Shallow Question,html.Page,3_0_6_0_1_1_0,maongozi,NA,form submission,6316.0999999761,982063,982060.4,982077.3,988393.39999998,988393.70000005,2024-05-07T08:35:16Z,988407,NA,NA,NA,NA,NA,NA,NA,NA,NA,NA,NA,NA,NA,NA,NA,NA,NA,NA,NA,NA,System,maongozi,s,chokochoko,nuksani,mitaani,NA,NA,6
56b99,"""Richtig""-Screen",canvas.Screen,3_0_6_0_1_1_1,NA,NA,timeout,4996.7,988396.80000007,988390.61,988407,993386.9,993387.89999998,2024-05-07T08:35:21Z,993403.7,NA,NA,NA,NA,NA,NA,NA,NA,NA,NA,NA,NA,NA,NA,NA,NA,NA,NA,NA,NA,System,maongozi,s,chokochoko,nuksani,mitaani,dfs,1,6
56b99,"""Falsch""-Screen",canvas.Screen,3_0_6_0_1_1_2,NA,NA,skipped,NA,993392.89999998,NA,NA,993386.9,993392.89999998,2024-05-07T08:35:21Z,993403.7,NA,NA,NA,NA,NA,NA,NA,NA,NA,NA,NA,NA,NA,NA,NA,NA,NA,NA,NA,NA,System,maongozi,s,chokochoko,nuksani,mitaani,dfs,NA,6
56b99,shallow,flow.Sequence,3_0_6_0_1_1,NA,NA,completion,11309.6,982063,982060.4,982077.3,993386.9,993393,2024-05-07T08:35:21Z,993403.7,NA,NA,NA,NA,NA,NA,NA,NA,NA,NA,NA,NA,NA,NA,NA,NA,NA,NA,NA,NA,System,maongozi,s,chokochoko,nuksani,mitaani,dfs,NA,6
56b99,task,flow.Sequence,3_0_6_0_1,NA,NA,completion,11309.6,982062.60000002,982060.4,982077.3,993386.9,993393.10000002,2024-05-07T08:35:21Z,993403.7,NA,NA,NA,NA,NA,NA,NA,NA,NA,NA,NA,NA,NA,NA,NA,NA,NA,NA,NA,NA,System,maongozi,s,chokochoko,nuksani,mitaani,dfs,NA,6
56b99,Deep Question,html.Page,3_0_6_0_2_0_0,kili,NA,form submission,11615.500000048,993393.20000005,993386.9,993403.7,1005019.2,1005019.4,2024-05-07T08:35:32Z,1005047,NA,NA,NA,NA,NA,NA,NA,NA,NA,NA,NA,NA,NA,NA,NA,NA,NA,NA,NA,NA,Symbol,kielezo,d,NA,NA,NA,NA,NA,6
56b99,"""Richtig""-Screen",canvas.Screen,3_0_6_0_2_0_1,NA,NA,skipped,NA,1005022.3000001,NA,NA,1005019.2,1005022.4,2024-05-07T08:35:32Z,1005047,NA,NA,NA,NA,NA,NA,NA,NA,NA,NA,NA,NA,NA,NA,NA,NA,NA,NA,NA,NA,Symbol,kielezo,d,NA,NA,NA,dfs,NA,6
56b99,"""Falsch""-Screen",canvas.Screen,3_0_6_0_2_0_2,NA,NA,timeout,4996.8,1005023.1,1005030.352,1005047,1010027.2,1010027.6,2024-05-07T08:35:37Z,1010043.8,NA,NA,NA,NA,NA,NA,NA,NA,NA,NA,NA,NA,NA,NA,NA,NA,NA,NA,NA,NA,Symbol,kielezo,d,NA,NA,NA,dfs,0,6
56b99,deep,flow.Sequence,3_0_6_0_2_0,NA,NA,completion,16623.5,993393.10000002,993386.9,993403.7,1010027.2,1010027.7,2024-05-07T08:35:37Z,1010043.8,NA,NA,NA,NA,NA,NA,NA,NA,NA,NA,NA,NA,NA,NA,NA,NA,NA,NA,NA,NA,Symbol,kielezo,d,NA,NA,NA,dfs,NA,6
56b99,shallow,flow.Sequence,3_0_6_0_2_1,NA,NA,skipped,NA,1010027.7,NA,NA,1010027.2,1010027.9,2024-05-07T08:35:37Z,1010043.8,NA,NA,NA,NA,NA,NA,NA,NA,NA,NA,NA,NA,NA,NA,NA,NA,NA,NA,NA,NA,Symbol,kielezo,d,NA,NA,NA,dfs,NA,6
56b99,task,flow.Sequence,3_0_6_0_2,NA,NA,completion,16623.5,993393.10000002,993386.9,993403.7,1010027.2,1010027.9,2024-05-07T08:35:37Z,1010043.8,NA,NA,NA,NA,NA,NA,NA,NA,NA,NA,NA,NA,NA,NA,NA,NA,NA,NA,NA,NA,Symbol,kielezo,d,NA,NA,NA,dfs,NA,6
56b99,deep,flow.Sequence,3_0_6_0_3_0,NA,NA,skipped,NA,1010027.9,NA,NA,1010027.2,1010028,2024-05-07T08:35:37Z,1010043.8,NA,NA,NA,NA,NA,NA,NA,NA,NA,NA,NA,NA,NA,NA,NA,NA,NA,NA,NA,NA,Vorsorge,tahadhari,s,ufafanuzi,makini,mashambani,dfs,NA,6
56b99,Shallow Question,html.Page,3_0_6_0_3_1_0,tahadhari,NA,form submission,4481.8000000238,1010028,1010027.2,1010043.8,1014525.6,1014525.9,2024-05-07T08:35:42Z,1014541,NA,NA,NA,NA,NA,NA,NA,NA,NA,NA,NA,NA,NA,NA,NA,NA,NA,NA,NA,NA,Vorsorge,tahadhari,s,ufafanuzi,makini,mashambani,NA,NA,6
56b99,"""Richtig""-Screen",canvas.Screen,3_0_6_0_3_1_1,NA,NA,timeout,4997.1,1014528.9,1014524.676,1014541,1019520.9,1019521.8000001,2024-05-07T08:35:47Z,1019538.1,NA,NA,NA,NA,NA,NA,NA,NA,NA,NA,NA,NA,NA,NA,NA,NA,NA,NA,NA,NA,Vorsorge,tahadhari,s,ufafanuzi,makini,mashambani,dfs,1,6
56b99,"""Falsch""-Screen",canvas.Screen,3_0_6_0_3_1_2,NA,NA,skipped,NA,1019526.6,NA,NA,1019520.9,1019526.8000001,2024-05-07T08:35:47Z,1019538.1,NA,NA,NA,NA,NA,NA,NA,NA,NA,NA,NA,NA,NA,NA,NA,NA,NA,NA,NA,NA,Vorsorge,tahadhari,s,ufafanuzi,makini,mashambani,dfs,NA,6
56b99,shallow,flow.Sequence,3_0_6_0_3_1,NA,NA,completion,9477.1,1010028,1010027.2,1010043.8,1019520.9,1019526.9,2024-05-07T08:35:47Z,1019538.1,NA,NA,NA,NA,NA,NA,NA,NA,NA,NA,NA,NA,NA,NA,NA,NA,NA,NA,NA,NA,Vorsorge,tahadhari,s,ufafanuzi,makini,mashambani,dfs,NA,6
56b99,task,flow.Sequence,3_0_6_0_3,NA,NA,completion,9477.1,1010027.9,1010027.2,1010043.8,1019520.9,1019527.1,2024-05-07T08:35:47Z,1019538.1,NA,NA,NA,NA,NA,NA,NA,NA,NA,NA,NA,NA,NA,NA,NA,NA,NA,NA,NA,NA,Vorsorge,tahadhari,s,ufafanuzi,makini,mashambani,dfs,NA,6
56b99,deep,flow.Sequence,3_0_6_0_4_0,NA,NA,skipped,NA,1019527.1,NA,NA,1019520.9,1019527.1,2024-05-07T08:35:47Z,1019538.1,NA,NA,NA,NA,NA,NA,NA,NA,NA,NA,NA,NA,NA,NA,NA,NA,NA,NA,NA,NA,Konkurrent,mshindani,s,msemaji,mvutaji,kipukusa,dfs,NA,6
56b99,Shallow Question,html.Page,3_0_6_0_4_1_0,mshindani,NA,form submission,6111.4,1019527.1,1019520.9,1019538.1,1025649.5,1025649.7,2024-05-07T08:35:53Z,1025650.928,NA,NA,NA,NA,NA,NA,NA,NA,NA,NA,NA,NA,NA,NA,NA,NA,NA,NA,NA,NA,Konkurrent,mshindani,s,msemaji,mvutaji,kipukusa,NA,NA,6
56b99,"""Richtig""-Screen",canvas.Screen,3_0_6_0_4_1_1,NA,NA,timeout,4996.9720000001,1025652.5,1025650.928,1025650.928,1030631.1,1030631.5,2024-05-07T08:35:58Z,1030647.9,NA,NA,NA,NA,NA,NA,NA,NA,NA,NA,NA,NA,NA,NA,NA,NA,NA,NA,NA,NA,Konkurrent,mshindani,s,msemaji,mvutaji,kipukusa,dfs,1,6
56b99,"""Falsch""-Screen",canvas.Screen,3_0_6_0_4_1_2,NA,NA,skipped,NA,1030633.2,NA,NA,1030631.1,1030633.3000001,2024-05-07T08:35:58Z,1030647.9,NA,NA,NA,NA,NA,NA,NA,NA,NA,NA,NA,NA,NA,NA,NA,NA,NA,NA,NA,NA,Konkurrent,mshindani,s,msemaji,mvutaji,kipukusa,dfs,NA,6
56b99,shallow,flow.Sequence,3_0_6_0_4_1,NA,NA,completion,11093,1019527.1,1019520.9,1019538.1,1030631.1,1030633.3000001,2024-05-07T08:35:58Z,1030647.9,NA,NA,NA,NA,NA,NA,NA,NA,NA,NA,NA,NA,NA,NA,NA,NA,NA,NA,NA,NA,Konkurrent,mshindani,s,msemaji,mvutaji,kipukusa,dfs,NA,6
56b99,task,flow.Sequence,3_0_6_0_4,NA,NA,completion,11093,1019527.1,1019520.9,1019538.1,1030631.1,1030633.4,2024-05-07T08:35:58Z,1030647.9,NA,NA,NA,NA,NA,NA,NA,NA,NA,NA,NA,NA,NA,NA,NA,NA,NA,NA,NA,NA,Konkurrent,mshindani,s,msemaji,mvutaji,kipukusa,dfs,NA,6
56b99,Deep Question,html.Page,3_0_6_0_5_0_0,kielezo,NA,form submission,22902.700000024,1030633.5,1030631.1,1030647.9,1053550.6,1053550.8000001,2024-05-07T08:36:21Z,1053567.2,NA,NA,NA,NA,NA,NA,NA,NA,NA,NA,NA,NA,NA,NA,NA,NA,NA,NA,NA,NA,Körper,kiwiliwili,d,NA,NA,NA,NA,NA,6
56b99,"""Richtig""-Screen",canvas.Screen,3_0_6_0_5_0_1,NA,NA,skipped,NA,1053553.8000001,NA,NA,1053550.6,1053553.9,2024-05-07T08:36:21Z,1053567.2,NA,NA,NA,NA,NA,NA,NA,NA,NA,NA,NA,NA,NA,NA,NA,NA,NA,NA,NA,NA,Körper,kiwiliwili,d,NA,NA,NA,dfs,NA,6
56b99,"""Falsch""-Screen",canvas.Screen,3_0_6_0_5_0_2,NA,NA,timeout,4997,1053554.7,1053550.754,1053567.2,1058547.1,1058547.9,2024-05-07T08:36:26Z,1058564.2,NA,NA,NA,NA,NA,NA,NA,NA,NA,NA,NA,NA,NA,NA,NA,NA,NA,NA,NA,NA,Körper,kiwiliwili,d,NA,NA,NA,dfs,0,6
56b99,deep,flow.Sequence,3_0_6_0_5_0,NA,NA,completion,27899.2,1030633.5,1030631.1,1030647.9,1058547.1,1058548.3000001,2024-05-07T08:36:26Z,1058564.2,NA,NA,NA,NA,NA,NA,NA,NA,NA,NA,NA,NA,NA,NA,NA,NA,NA,NA,NA,NA,Körper,kiwiliwili,d,NA,NA,NA,dfs,NA,6
56b99,shallow,flow.Sequence,3_0_6_0_5_1,NA,NA,skipped,NA,1058548.4,NA,NA,1058547.1,1058548.5,2024-05-07T08:36:26Z,1058564.2,NA,NA,NA,NA,NA,NA,NA,NA,NA,NA,NA,NA,NA,NA,NA,NA,NA,NA,NA,NA,Körper,kiwiliwili,d,NA,NA,NA,dfs,NA,6
56b99,task,flow.Sequence,3_0_6_0_5,NA,NA,completion,27899.2,1030633.4,1030631.1,1030647.9,1058547.1,1058548.7,2024-05-07T08:36:26Z,1058564.2,NA,NA,NA,NA,NA,NA,NA,NA,NA,NA,NA,NA,NA,NA,NA,NA,NA,NA,NA,NA,Körper,kiwiliwili,d,NA,NA,NA,dfs,NA,6
56b99,deep,flow.Sequence,3_0_6_0_6_0,NA,NA,skipped,NA,1058548.8000001,NA,NA,1058547.1,1058548.9,2024-05-07T08:36:26Z,1058564.2,NA,NA,NA,NA,NA,NA,NA,NA,NA,NA,NA,NA,NA,NA,NA,NA,NA,NA,NA,NA,Lawine,banguko,s,maambukizi,usuluhishi,chekechea,dfs,NA,6
56b99,Shallow Question,html.Page,3_0_6_0_6_1_0,banguko,NA,form submission,7335.1999999762,1058549.1,1058547.1,1058564.2,1065899.4,1065899.6,2024-05-07T08:36:33Z,1065909.95,NA,NA,NA,NA,NA,NA,NA,NA,NA,NA,NA,NA,NA,NA,NA,NA,NA,NA,NA,NA,Lawine,banguko,s,maambukizi,usuluhishi,chekechea,NA,NA,6
56b99,"""Richtig""-Screen",canvas.Screen,3_0_6_0_6_1_1,NA,NA,timeout,4996.75,1065902.5,1065909.95,1065909.95,1070889.8,1070891.6,2024-05-07T08:36:38Z,1070906.7,NA,NA,NA,NA,NA,NA,NA,NA,NA,NA,NA,NA,NA,NA,NA,NA,NA,NA,NA,NA,Lawine,banguko,s,maambukizi,usuluhishi,chekechea,dfs,1,6
56b99,"""Falsch""-Screen",canvas.Screen,3_0_6_0_6_1_2,NA,NA,skipped,NA,1070896.1,NA,NA,1070889.8,1070896.2,2024-05-07T08:36:38Z,1070906.7,NA,NA,NA,NA,NA,NA,NA,NA,NA,NA,NA,NA,NA,NA,NA,NA,NA,NA,NA,NA,Lawine,banguko,s,maambukizi,usuluhishi,chekechea,dfs,NA,6
56b99,shallow,flow.Sequence,3_0_6_0_6_1,NA,NA,completion,12325.6,1058549,1058547.1,1058564.2,1070889.8,1070896.3000001,2024-05-07T08:36:38Z,1070906.7,NA,NA,NA,NA,NA,NA,NA,NA,NA,NA,NA,NA,NA,NA,NA,NA,NA,NA,NA,NA,Lawine,banguko,s,maambukizi,usuluhishi,chekechea,dfs,NA,6
56b99,task,flow.Sequence,3_0_6_0_6,NA,NA,completion,12325.6,1058548.8000001,1058547.1,1058564.2,1070889.8,1070896.3000001,2024-05-07T08:36:38Z,1070906.7,NA,NA,NA,NA,NA,NA,NA,NA,NA,NA,NA,NA,NA,NA,NA,NA,NA,NA,NA,NA,Lawine,banguko,s,maambukizi,usuluhishi,chekechea,dfs,NA,6
56b99,Deep Question,html.Page,3_0_6_0_7_0_0,kielezo,NA,form submission,10962.600000072,1070896.4,1070889.8,1070906.7,1081869.3000001,1081869.5,2024-05-07T08:36:49Z,1081883.3,NA,NA,NA,NA,NA,NA,NA,NA,NA,NA,NA,NA,NA,NA,NA,NA,NA,NA,NA,NA,Übersicht,kilindo,d,NA,NA,NA,NA,NA,6
56b99,"""Richtig""-Screen",canvas.Screen,3_0_6_0_7_0_1,NA,NA,skipped,NA,1081872.5,NA,NA,1081869.3000001,1081872.5,2024-05-07T08:36:49Z,1081883.3,NA,NA,NA,NA,NA,NA,NA,NA,NA,NA,NA,NA,NA,NA,NA,NA,NA,NA,NA,NA,Übersicht,kilindo,d,NA,NA,NA,dfs,NA,6
56b99,"""Falsch""-Screen",canvas.Screen,3_0_6_0_7_0_2,NA,NA,timeout,4996.8,1081873.3000001,1081866.72,1081883.3,1086863.5,1086864.4,2024-05-07T08:36:54Z,1086880.1,NA,NA,NA,NA,NA,NA,NA,NA,NA,NA,NA,NA,NA,NA,NA,NA,NA,NA,NA,NA,Übersicht,kilindo,d,NA,NA,NA,dfs,0,6
56b99,deep,flow.Sequence,3_0_6_0_7_0,NA,NA,completion,15956.8,1070896.4,1070889.8,1070906.7,1086863.5,1086864.8000001,2024-05-07T08:36:54Z,1086880.1,NA,NA,NA,NA,NA,NA,NA,NA,NA,NA,NA,NA,NA,NA,NA,NA,NA,NA,NA,NA,Übersicht,kilindo,d,NA,NA,NA,dfs,NA,6
56b99,shallow,flow.Sequence,3_0_6_0_7_1,NA,NA,skipped,NA,1086864.9,NA,NA,1086863.5,1086865,2024-05-07T08:36:54Z,1086880.1,NA,NA,NA,NA,NA,NA,NA,NA,NA,NA,NA,NA,NA,NA,NA,NA,NA,NA,NA,NA,Übersicht,kilindo,d,NA,NA,NA,dfs,NA,6
56b99,task,flow.Sequence,3_0_6_0_7,NA,NA,completion,15956.8,1070896.4,1070889.8,1070906.7,1086863.5,1086865.3000001,2024-05-07T08:36:54Z,1086880.1,NA,NA,NA,NA,NA,NA,NA,NA,NA,NA,NA,NA,NA,NA,NA,NA,NA,NA,NA,NA,Übersicht,kilindo,d,NA,NA,NA,dfs,NA,6
56b99,block,flow.Loop,3_0_6_0,NA,NA,completion,128005.6,958861.39999998,958841.3,958857.9,1086863.5,1086865.5,2024-05-07T08:36:54Z,1086880.1,NA,NA,NA,NA,NA,NA,NA,NA,NA,NA,NA,NA,NA,NA,NA,NA,NA,NA,NA,NA,NA,NA,NA,NA,NA,NA,dfs,NA,6
56b99,weiter,canvas.Screen,3_0_6_1,sdf,keypress(Space),response,1439.5000000237,1086865.6,1086863.5,1086880.1,1088319.6,1088320.6,2024-05-07T08:36:56Z,1088329.382,NA,NA,NA,NA,NA,NA,NA,NA,NA,NA,NA,NA,NA,NA,NA,NA,NA,NA,NA,NA,NA,NA,NA,NA,NA,NA,dfs,NA,6
56b99,check continue,flow.Sequence,3_0_6,NA,NA,completion,129461.70000002,958861.39999998,958841.3,958857.9,1088319.6,1088320.9,2024-05-07T08:36:56Z,1088329.382,NA,NA,NA,NA,NA,NA,NA,NA,NA,NA,NA,NA,NA,NA,NA,NA,NA,NA,NA,NA,NA,NA,NA,NA,NA,NA,dfs,NA,6
56b99,Deep Question,html.Page,3_0_7_0_0_0_0,kilendo,NA,form submission,7614.4180000715,1088340,1088329.382,1088329.382,1095943.8000001,1095943.9,2024-05-07T08:37:03Z,1095957.6,NA,NA,NA,NA,NA,NA,NA,NA,NA,NA,NA,NA,NA,NA,NA,NA,NA,NA,NA,NA,Übersicht,kilindo,d,NA,NA,NA,NA,NA,7
56b99,"""Richtig""-Screen",canvas.Screen,3_0_7_0_0_0_1,NA,NA,skipped,NA,1095946.9,NA,NA,1095943.8000001,1095947.1,2024-05-07T08:37:03Z,1095957.6,NA,NA,NA,NA,NA,NA,NA,NA,NA,NA,NA,NA,NA,NA,NA,NA,NA,NA,NA,NA,Übersicht,kilindo,d,NA,NA,NA,df,NA,7
56b99,"""Falsch""-Screen",canvas.Screen,3_0_7_0_0_0_2,NA,NA,timeout,4996.7999999998,1095947.7,1095941.294,1095957.6,1100937.9,1100938.8000001,2024-05-07T08:37:08Z,1100954.4,NA,NA,NA,NA,NA,NA,NA,NA,NA,NA,NA,NA,NA,NA,NA,NA,NA,NA,NA,NA,Übersicht,kilindo,d,NA,NA,NA,df,0,7
56b99,deep,flow.Sequence,3_0_7_0_0_0,NA,NA,completion,12608.518,1088340,1088329.382,1088329.382,1100937.9,1100939.1,2024-05-07T08:37:08Z,1100954.4,NA,NA,NA,NA,NA,NA,NA,NA,NA,NA,NA,NA,NA,NA,NA,NA,NA,NA,NA,NA,Übersicht,kilindo,d,NA,NA,NA,df,NA,7
56b99,shallow,flow.Sequence,3_0_7_0_0_1,NA,NA,skipped,NA,1100939.3000001,NA,NA,1100937.9,1100939.4,2024-05-07T08:37:08Z,1100954.4,NA,NA,NA,NA,NA,NA,NA,NA,NA,NA,NA,NA,NA,NA,NA,NA,NA,NA,NA,NA,Übersicht,kilindo,d,NA,NA,NA,df,NA,7
56b99,task,flow.Sequence,3_0_7_0_0,NA,NA,completion,12608.518,1088340,1088329.382,1088329.382,1100937.9,1100939.5,2024-05-07T08:37:08Z,1100954.4,NA,NA,NA,NA,NA,NA,NA,NA,NA,NA,NA,NA,NA,NA,NA,NA,NA,NA,NA,NA,Übersicht,kilindo,d,NA,NA,NA,df,NA,7
56b99,deep,flow.Sequence,3_0_7_0_1_0,NA,NA,skipped,NA,1100939.7,NA,NA,1100937.9,1100939.8000001,2024-05-07T08:37:08Z,1100954.4,NA,NA,NA,NA,NA,NA,NA,NA,NA,NA,NA,NA,NA,NA,NA,NA,NA,NA,NA,NA,Vorsorge,tahadhari,s,ufafanuzi,makini,mashambani,df,NA,7
56b99,Shallow Question,html.Page,3_0_7_0_1_1_0,mashambani,NA,form submission,4195.3000000478,1100940.1,1100937.9,1100954.4,1105149.7,1105149.9,2024-05-07T08:37:12Z,1105152.394,NA,NA,NA,NA,NA,NA,NA,NA,NA,NA,NA,NA,NA,NA,NA,NA,NA,NA,NA,NA,Vorsorge,tahadhari,s,ufafanuzi,makini,mashambani,NA,NA,7
56b99,"""Richtig""-Screen",canvas.Screen,3_0_7_0_1_1_1,NA,NA,skipped,NA,1105152.8000001,NA,NA,1105149.7,1105152.9,2024-05-07T08:37:12Z,1105152.394,NA,NA,NA,NA,NA,NA,NA,NA,NA,NA,NA,NA,NA,NA,NA,NA,NA,NA,NA,NA,Vorsorge,tahadhari,s,ufafanuzi,makini,mashambani,df,NA,7
56b99,"""Falsch""-Screen",canvas.Screen,3_0_7_0_1_1_2,NA,NA,timeout,4996.6059999999,1105153.6,1105152.394,1105152.394,1110132.5,1110133.2,2024-05-07T08:37:17Z,1110149,NA,NA,NA,NA,NA,NA,NA,NA,NA,NA,NA,NA,NA,NA,NA,NA,NA,NA,NA,NA,Vorsorge,tahadhari,s,ufafanuzi,makini,mashambani,df,0,7
56b99,shallow,flow.Sequence,3_0_7_0_1_1,NA,NA,completion,9178.1000000001,1100940.1,1100937.9,1100954.4,1110132.5,1110133.4,2024-05-07T08:37:17Z,1110149,NA,NA,NA,NA,NA,NA,NA,NA,NA,NA,NA,NA,NA,NA,NA,NA,NA,NA,NA,NA,Vorsorge,tahadhari,s,ufafanuzi,makini,mashambani,df,NA,7
56b99,task,flow.Sequence,3_0_7_0_1,NA,NA,completion,9178.1000000001,1100939.7,1100937.9,1100954.4,1110132.5,1110133.5,2024-05-07T08:37:17Z,1110149,NA,NA,NA,NA,NA,NA,NA,NA,NA,NA,NA,NA,NA,NA,NA,NA,NA,NA,NA,NA,Vorsorge,tahadhari,s,ufafanuzi,makini,mashambani,df,NA,7
56b99,Deep Question,html.Page,3_0_7_0_2_0_0,kilindo,NA,form submission,6730.8000000715,1110133.7,1110132.5,1110149,1116879.8000001,1116880,2024-05-07T08:37:24Z,1116895.2,NA,NA,NA,NA,NA,NA,NA,NA,NA,NA,NA,NA,NA,NA,NA,NA,NA,NA,NA,NA,Körper,kiwiliwili,d,NA,NA,NA,NA,NA,7
56b99,"""Richtig""-Screen",canvas.Screen,3_0_7_0_2_0_1,NA,NA,skipped,NA,1116883.1,NA,NA,1116879.8000001,1116883.3000001,2024-05-07T08:37:24Z,1116895.2,NA,NA,NA,NA,NA,NA,NA,NA,NA,NA,NA,NA,NA,NA,NA,NA,NA,NA,NA,NA,Körper,kiwiliwili,d,NA,NA,NA,df,NA,7
56b99,"""Falsch""-Screen",canvas.Screen,3_0_7_0_2_0_2,NA,NA,timeout,4996.9000000001,1116884,1116878.726,1116895.2,1121875.5,1121876.1,2024-05-07T08:37:29Z,1121892.1,NA,NA,NA,NA,NA,NA,NA,NA,NA,NA,NA,NA,NA,NA,NA,NA,NA,NA,NA,NA,Körper,kiwiliwili,d,NA,NA,NA,df,0,7
56b99,deep,flow.Sequence,3_0_7_0_2_0,NA,NA,completion,11726.5,1110133.7,1110132.5,1110149,1121875.5,1121876.4,2024-05-07T08:37:29Z,1121892.1,NA,NA,NA,NA,NA,NA,NA,NA,NA,NA,NA,NA,NA,NA,NA,NA,NA,NA,NA,NA,Körper,kiwiliwili,d,NA,NA,NA,df,NA,7
56b99,shallow,flow.Sequence,3_0_7_0_2_1,NA,NA,skipped,NA,1121876.5,NA,NA,1121875.5,1121876.6,2024-05-07T08:37:29Z,1121892.1,NA,NA,NA,NA,NA,NA,NA,NA,NA,NA,NA,NA,NA,NA,NA,NA,NA,NA,NA,NA,Körper,kiwiliwili,d,NA,NA,NA,df,NA,7
56b99,task,flow.Sequence,3_0_7_0_2,NA,NA,completion,11726.5,1110133.6,1110132.5,1110149,1121875.5,1121876.7,2024-05-07T08:37:29Z,1121892.1,NA,NA,NA,NA,NA,NA,NA,NA,NA,NA,NA,NA,NA,NA,NA,NA,NA,NA,NA,NA,Körper,kiwiliwili,d,NA,NA,NA,df,NA,7
56b99,deep,flow.Sequence,3_0_7_0_3_0,NA,NA,skipped,NA,1121876.8000001,NA,NA,1121875.5,1121876.9,2024-05-07T08:37:29Z,1121892.1,NA,NA,NA,NA,NA,NA,NA,NA,NA,NA,NA,NA,NA,NA,NA,NA,NA,NA,NA,NA,Lawine,banguko,s,maambukizi,usuluhishi,chekechea,df,NA,7
56b99,Shallow Question,html.Page,3_0_7_0_3_1_0,banguko,NA,form submission,5077.2999999761,1121877,1121875.5,1121892.1,1126969.4,1126969.6,2024-05-07T08:37:34Z,1126972.494,NA,NA,NA,NA,NA,NA,NA,NA,NA,NA,NA,NA,NA,NA,NA,NA,NA,NA,NA,NA,Lawine,banguko,s,maambukizi,usuluhishi,chekechea,NA,NA,7
56b99,"""Richtig""-Screen",canvas.Screen,3_0_7_0_3_1_1,NA,NA,timeout,4996.706,1126972.5,1126972.494,1126972.494,1131952.5,1131953.4,2024-05-07T08:37:39Z,1131969.2,NA,NA,NA,NA,NA,NA,NA,NA,NA,NA,NA,NA,NA,NA,NA,NA,NA,NA,NA,NA,Lawine,banguko,s,maambukizi,usuluhishi,chekechea,df,1,7
56b99,"""Falsch""-Screen",canvas.Screen,3_0_7_0_3_1_2,NA,NA,skipped,NA,1131958.3000001,NA,NA,1131952.5,1131958.5,2024-05-07T08:37:39Z,1131969.2,NA,NA,NA,NA,NA,NA,NA,NA,NA,NA,NA,NA,NA,NA,NA,NA,NA,NA,NA,NA,Lawine,banguko,s,maambukizi,usuluhishi,chekechea,df,NA,7
56b99,shallow,flow.Sequence,3_0_7_0_3_1,NA,NA,completion,10060.4,1121877,1121875.5,1121892.1,1131952.5,1131958.7,2024-05-07T08:37:39Z,1131969.2,NA,NA,NA,NA,NA,NA,NA,NA,NA,NA,NA,NA,NA,NA,NA,NA,NA,NA,NA,NA,Lawine,banguko,s,maambukizi,usuluhishi,chekechea,df,NA,7
56b99,task,flow.Sequence,3_0_7_0_3,NA,NA,completion,10060.4,1121876.8000001,1121875.5,1121892.1,1131952.5,1131958.9,2024-05-07T08:37:39Z,1131969.2,NA,NA,NA,NA,NA,NA,NA,NA,NA,NA,NA,NA,NA,NA,NA,NA,NA,NA,NA,NA,Lawine,banguko,s,maambukizi,usuluhishi,chekechea,df,NA,7
56b99,Deep Question,html.Page,3_0_7_0_4_0_0,kiel,NA,form submission,11027.600000072,1131958.9,1131952.5,1131969.2,1142996.8000001,1142996.9,2024-05-07T08:37:50Z,1143012.6,NA,NA,NA,NA,NA,NA,NA,NA,NA,NA,NA,NA,NA,NA,NA,NA,NA,NA,NA,NA,Symbol,kielezo,d,NA,NA,NA,NA,NA,7
56b99,"""Richtig""-Screen",canvas.Screen,3_0_7_0_4_0_1,NA,NA,skipped,NA,1142998.3000001,NA,NA,1142996.8000001,1142998.4,2024-05-07T08:37:50Z,1143012.6,NA,NA,NA,NA,NA,NA,NA,NA,NA,NA,NA,NA,NA,NA,NA,NA,NA,NA,NA,NA,Symbol,kielezo,d,NA,NA,NA,df,NA,7
56b99,"""Falsch""-Screen",canvas.Screen,3_0_7_0_4_0_2,NA,NA,timeout,4996.8999999999,1142998.8000001,1142996.216,1143012.6,1147992.8,1147993.8000001,2024-05-07T08:37:55Z,1148009.5,NA,NA,NA,NA,NA,NA,NA,NA,NA,NA,NA,NA,NA,NA,NA,NA,NA,NA,NA,NA,Symbol,kielezo,d,NA,NA,NA,df,0,7
56b99,deep,flow.Sequence,3_0_7_0_4_0,NA,NA,completion,16023.6,1131958.9,1131952.5,1131969.2,1147992.8,1147994,2024-05-07T08:37:55Z,1148009.5,NA,NA,NA,NA,NA,NA,NA,NA,NA,NA,NA,NA,NA,NA,NA,NA,NA,NA,NA,NA,Symbol,kielezo,d,NA,NA,NA,df,NA,7
56b99,shallow,flow.Sequence,3_0_7_0_4_1,NA,NA,skipped,NA,1147994.2,NA,NA,1147992.8,1147994.3000001,2024-05-07T08:37:55Z,1148009.5,NA,NA,NA,NA,NA,NA,NA,NA,NA,NA,NA,NA,NA,NA,NA,NA,NA,NA,NA,NA,Symbol,kielezo,d,NA,NA,NA,df,NA,7
56b99,task,flow.Sequence,3_0_7_0_4,NA,NA,completion,16023.6,1131958.9,1131952.5,1131969.2,1147992.8,1147994.5,2024-05-07T08:37:55Z,1148009.5,NA,NA,NA,NA,NA,NA,NA,NA,NA,NA,NA,NA,NA,NA,NA,NA,NA,NA,NA,NA,Symbol,kielezo,d,NA,NA,NA,df,NA,7
56b99,deep,flow.Sequence,3_0_7_0_5_0,NA,NA,skipped,NA,1147994.7,NA,NA,1147992.8,1147994.8000001,2024-05-07T08:37:55Z,1148009.5,NA,NA,NA,NA,NA,NA,NA,NA,NA,NA,NA,NA,NA,NA,NA,NA,NA,NA,NA,NA,System,maongozi,s,chokochoko,nuksani,mitaani,df,NA,7
56b99,Shallow Question,html.Page,3_0_7_0_5_1_0,maongozi,NA,form submission,8054,1147994.9,1147992.8,1148009.5,1156063.5,1156063.8000001,2024-05-07T08:38:03Z,1156071.548,NA,NA,NA,NA,NA,NA,NA,NA,NA,NA,NA,NA,NA,NA,NA,NA,NA,NA,NA,NA,System,maongozi,s,chokochoko,nuksani,mitaani,NA,NA,7
56b99,"""Richtig""-Screen",canvas.Screen,3_0_7_0_5_1_1,NA,NA,timeout,4996.852,1156066.7,1156071.548,1156071.548,1161051.2,1161052.2,2024-05-07T08:38:08Z,1161068.4,NA,NA,NA,NA,NA,NA,NA,NA,NA,NA,NA,NA,NA,NA,NA,NA,NA,NA,NA,NA,System,maongozi,s,chokochoko,nuksani,mitaani,df,1,7
56b99,"""Falsch""-Screen",canvas.Screen,3_0_7_0_5_1_2,NA,NA,skipped,NA,1161057.2,NA,NA,1161051.2,1161057.3000001,2024-05-07T08:38:08Z,1161068.4,NA,NA,NA,NA,NA,NA,NA,NA,NA,NA,NA,NA,NA,NA,NA,NA,NA,NA,NA,NA,System,maongozi,s,chokochoko,nuksani,mitaani,df,NA,7
56b99,shallow,flow.Sequence,3_0_7_0_5_1,NA,NA,completion,13041.7,1147994.9,1147992.8,1148009.5,1161051.2,1161057.3000001,2024-05-07T08:38:08Z,1161068.4,NA,NA,NA,NA,NA,NA,NA,NA,NA,NA,NA,NA,NA,NA,NA,NA,NA,NA,NA,NA,System,maongozi,s,chokochoko,nuksani,mitaani,df,NA,7
56b99,task,flow.Sequence,3_0_7_0_5,NA,NA,completion,13041.7,1147994.6,1147992.8,1148009.5,1161051.2,1161057.5,2024-05-07T08:38:08Z,1161068.4,NA,NA,NA,NA,NA,NA,NA,NA,NA,NA,NA,NA,NA,NA,NA,NA,NA,NA,NA,NA,System,maongozi,s,chokochoko,nuksani,mitaani,df,NA,7
56b99,deep,flow.Sequence,3_0_7_0_6_0,NA,NA,skipped,NA,1161057.5,NA,NA,1161051.2,1161057.5,2024-05-07T08:38:08Z,1161068.4,NA,NA,NA,NA,NA,NA,NA,NA,NA,NA,NA,NA,NA,NA,NA,NA,NA,NA,NA,NA,Konkurrent,mshindani,s,msemaji,mvutaji,kipukusa,df,NA,7
56b99,Shallow Question,html.Page,3_0_7_0_6_1_0,mshindani,NA,form submission,4294.7000000239,1161057.6,1161051.2,1161068.4,1165363.1,1165363.4,2024-05-07T08:38:13Z,1165365.69,NA,NA,NA,NA,NA,NA,NA,NA,NA,NA,NA,NA,NA,NA,NA,NA,NA,NA,NA,NA,Konkurrent,mshindani,s,msemaji,mvutaji,kipukusa,NA,NA,7
56b99,"""Richtig""-Screen",canvas.Screen,3_0_7_0_6_1_1,NA,NA,timeout,4997.01,1165366.2,1165365.69,1165365.69,1170345.9,1170346.8000001,2024-05-07T08:38:18Z,1170362.7,NA,NA,NA,NA,NA,NA,NA,NA,NA,NA,NA,NA,NA,NA,NA,NA,NA,NA,NA,NA,Konkurrent,mshindani,s,msemaji,mvutaji,kipukusa,df,1,7
56b99,"""Falsch""-Screen",canvas.Screen,3_0_7_0_6_1_2,NA,NA,skipped,NA,1170351.7,NA,NA,1170345.9,1170351.9,2024-05-07T08:38:18Z,1170362.7,NA,NA,NA,NA,NA,NA,NA,NA,NA,NA,NA,NA,NA,NA,NA,NA,NA,NA,NA,NA,Konkurrent,mshindani,s,msemaji,mvutaji,kipukusa,df,NA,7
56b99,shallow,flow.Sequence,3_0_7_0_6_1,NA,NA,completion,9277.5,1161057.6,1161051.2,1161068.4,1170345.9,1170352.1,2024-05-07T08:38:18Z,1170362.7,NA,NA,NA,NA,NA,NA,NA,NA,NA,NA,NA,NA,NA,NA,NA,NA,NA,NA,NA,NA,Konkurrent,mshindani,s,msemaji,mvutaji,kipukusa,df,NA,7
56b99,task,flow.Sequence,3_0_7_0_6,NA,NA,completion,9277.5,1161057.5,1161051.2,1161068.4,1170345.9,1170352.1,2024-05-07T08:38:18Z,1170362.7,NA,NA,NA,NA,NA,NA,NA,NA,NA,NA,NA,NA,NA,NA,NA,NA,NA,NA,NA,NA,Konkurrent,mshindani,s,msemaji,mvutaji,kipukusa,df,NA,7
56b99,Deep Question,html.Page,3_0_7_0_7_0_0,kilindo,NA,form submission,11130.600000072,1170352.1,1170345.9,1170362.7,1181493.3000001,1181493.3000001,2024-05-07T08:38:29Z,1181505.5,NA,NA,NA,NA,NA,NA,NA,NA,NA,NA,NA,NA,NA,NA,NA,NA,NA,NA,NA,NA,Zuwachs,nyongeza,d,NA,NA,NA,NA,NA,7
56b99,"""Richtig""-Screen",canvas.Screen,3_0_7_0_7_0_1,NA,NA,skipped,NA,1181494.7,NA,NA,1181493.3000001,1181494.8000001,2024-05-07T08:38:29Z,1181505.5,NA,NA,NA,NA,NA,NA,NA,NA,NA,NA,NA,NA,NA,NA,NA,NA,NA,NA,NA,NA,Zuwachs,nyongeza,d,NA,NA,NA,df,NA,7
56b99,"""Falsch""-Screen",canvas.Screen,3_0_7_0_7_0_2,NA,NA,timeout,4997.1000000001,1181495.1,1181489.322,1181505.5,1186485.9,1186486.5,2024-05-07T08:38:34Z,1186502.6,NA,NA,NA,NA,NA,NA,NA,NA,NA,NA,NA,NA,NA,NA,NA,NA,NA,NA,NA,NA,Zuwachs,nyongeza,d,NA,NA,NA,df,0,7
56b99,deep,flow.Sequence,3_0_7_0_7_0,NA,NA,completion,16123.2,1170352.1,1170345.9,1170362.7,1186485.9,1186486.7,2024-05-07T08:38:34Z,1186502.6,NA,NA,NA,NA,NA,NA,NA,NA,NA,NA,NA,NA,NA,NA,NA,NA,NA,NA,NA,NA,Zuwachs,nyongeza,d,NA,NA,NA,df,NA,7
56b99,shallow,flow.Sequence,3_0_7_0_7_1,NA,NA,skipped,NA,1186486.8000001,NA,NA,1186485.9,1186486.9,2024-05-07T08:38:34Z,1186502.6,NA,NA,NA,NA,NA,NA,NA,NA,NA,NA,NA,NA,NA,NA,NA,NA,NA,NA,NA,NA,Zuwachs,nyongeza,d,NA,NA,NA,df,NA,7
56b99,task,flow.Sequence,3_0_7_0_7,NA,NA,completion,16123.2,1170352.1,1170345.9,1170362.7,1186485.9,1186487,2024-05-07T08:38:34Z,1186502.6,NA,NA,NA,NA,NA,NA,NA,NA,NA,NA,NA,NA,NA,NA,NA,NA,NA,NA,NA,NA,Zuwachs,nyongeza,d,NA,NA,NA,df,NA,7
56b99,block,flow.Loop,3_0_7_0,NA,NA,completion,98156.518,1088340,1088329.382,1088329.382,1186485.9,1186487.2,2024-05-07T08:38:34Z,1186502.6,NA,NA,NA,NA,NA,NA,NA,NA,NA,NA,NA,NA,NA,NA,NA,NA,NA,NA,NA,NA,NA,NA,NA,NA,NA,NA,df,NA,7
56b99,weiter,canvas.Screen,3_0_7_1,sdf,keypress(Space),response,1284.1000000476,1186487.2,1186485.9,1186502.6,1187786.7,1187787.7,2024-05-07T08:38:35Z,1187802.548,NA,NA,NA,NA,NA,NA,NA,NA,NA,NA,NA,NA,NA,NA,NA,NA,NA,NA,NA,NA,NA,NA,NA,NA,NA,NA,df,NA,7
56b99,check continue,flow.Sequence,3_0_7,NA,NA,completion,99457.318000048,1088340,1088329.382,1088329.382,1187786.7,1187788,2024-05-07T08:38:35Z,1187802.548,NA,NA,NA,NA,NA,NA,NA,NA,NA,NA,NA,NA,NA,NA,NA,NA,NA,NA,NA,NA,NA,NA,NA,NA,NA,NA,df,NA,7
56b99,Deep Question,html.Page,3_0_8_0_0_0_0,nyongeza,NA,form submission,11025.351999976,1187805.6,1187802.548,1187802.548,1198827.9,1198828.1,2024-05-07T08:38:46Z,1198845.3,NA,NA,NA,NA,NA,NA,NA,NA,NA,NA,NA,NA,NA,NA,NA,NA,NA,NA,NA,NA,Zuwachs,nyongeza,d,NA,NA,NA,NA,NA,8
56b99,"""Richtig""-Screen",canvas.Screen,3_0_8_0_0_0_1,NA,NA,timeout,4997,1198831.2,1198828.656,1198845.3,1203825.5,1203826.6,2024-05-07T08:38:51Z,1203842.3,NA,NA,NA,NA,NA,NA,NA,NA,NA,NA,NA,NA,NA,NA,NA,NA,NA,NA,NA,NA,Zuwachs,nyongeza,d,NA,NA,NA,dfs,1,8
56b99,"""Falsch""-Screen",canvas.Screen,3_0_8_0_0_0_2,NA,NA,skipped,NA,1203831.9,NA,NA,1203825.5,1203832,2024-05-07T08:38:51Z,1203842.3,NA,NA,NA,NA,NA,NA,NA,NA,NA,NA,NA,NA,NA,NA,NA,NA,NA,NA,NA,NA,Zuwachs,nyongeza,d,NA,NA,NA,dfs,NA,8
56b99,deep,flow.Sequence,3_0_8_0_0_0,NA,NA,completion,16022.952,1187805.6,1187802.548,1187802.548,1203825.5,1203832,2024-05-07T08:38:51Z,1203842.3,NA,NA,NA,NA,NA,NA,NA,NA,NA,NA,NA,NA,NA,NA,NA,NA,NA,NA,NA,NA,Zuwachs,nyongeza,d,NA,NA,NA,dfs,NA,8
56b99,shallow,flow.Sequence,3_0_8_0_0_1,NA,NA,skipped,NA,1203832.1,NA,NA,1203825.5,1203832.2,2024-05-07T08:38:51Z,1203842.3,NA,NA,NA,NA,NA,NA,NA,NA,NA,NA,NA,NA,NA,NA,NA,NA,NA,NA,NA,NA,Zuwachs,nyongeza,d,NA,NA,NA,dfs,NA,8
56b99,task,flow.Sequence,3_0_8_0_0,NA,NA,completion,16022.952,1187805.6,1187802.548,1187802.548,1203825.5,1203832.2,2024-05-07T08:38:51Z,1203842.3,NA,NA,NA,NA,NA,NA,NA,NA,NA,NA,NA,NA,NA,NA,NA,NA,NA,NA,NA,NA,Zuwachs,nyongeza,d,NA,NA,NA,dfs,NA,8
56b99,Deep Question,html.Page,3_0_8_0_1_0_0,kiwiliwi,NA,form submission,21815.500000071,1203832.2,1203825.5,1203842.3,1225657.8000001,1225658,2024-05-07T08:39:13Z,1225662.442,NA,NA,NA,NA,NA,NA,NA,NA,NA,NA,NA,NA,NA,NA,NA,NA,NA,NA,NA,NA,Körper,kiwiliwili,d,NA,NA,NA,NA,NA,8
56b99,"""Richtig""-Screen",canvas.Screen,3_0_8_0_1_0_1,NA,NA,skipped,NA,1225661,NA,NA,1225657.8000001,1225661.1,2024-05-07T08:39:13Z,1225662.442,NA,NA,NA,NA,NA,NA,NA,NA,NA,NA,NA,NA,NA,NA,NA,NA,NA,NA,NA,NA,Körper,kiwiliwili,d,NA,NA,NA,dfs,NA,8
56b99,"""Falsch""-Screen",canvas.Screen,3_0_8_0_1_0_2,NA,NA,timeout,4996.558,1225661.8000001,1225662.442,1225662.442,1230642.2,1230643,2024-05-07T08:39:18Z,1230659,NA,NA,NA,NA,NA,NA,NA,NA,NA,NA,NA,NA,NA,NA,NA,NA,NA,NA,NA,NA,Körper,kiwiliwili,d,NA,NA,NA,dfs,0,8
56b99,deep,flow.Sequence,3_0_8_0_1_0,NA,NA,completion,26799.9,1203832.2,1203825.5,1203842.3,1230642.2,1230643.4,2024-05-07T08:39:18Z,1230659,NA,NA,NA,NA,NA,NA,NA,NA,NA,NA,NA,NA,NA,NA,NA,NA,NA,NA,NA,NA,Körper,kiwiliwili,d,NA,NA,NA,dfs,NA,8
56b99,shallow,flow.Sequence,3_0_8_0_1_1,NA,NA,skipped,NA,1230643.5,NA,NA,1230642.2,1230643.6,2024-05-07T08:39:18Z,1230659,NA,NA,NA,NA,NA,NA,NA,NA,NA,NA,NA,NA,NA,NA,NA,NA,NA,NA,NA,NA,Körper,kiwiliwili,d,NA,NA,NA,dfs,NA,8
56b99,task,flow.Sequence,3_0_8_0_1,NA,NA,completion,26799.9,1203832.2,1203825.5,1203842.3,1230642.2,1230643.7,2024-05-07T08:39:18Z,1230659,NA,NA,NA,NA,NA,NA,NA,NA,NA,NA,NA,NA,NA,NA,NA,NA,NA,NA,NA,NA,Körper,kiwiliwili,d,NA,NA,NA,dfs,NA,8
56b99,deep,flow.Sequence,3_0_8_0_2_0,NA,NA,skipped,NA,1230643.8000001,NA,NA,1230642.2,1230644,2024-05-07T08:39:18Z,1230659,NA,NA,NA,NA,NA,NA,NA,NA,NA,NA,NA,NA,NA,NA,NA,NA,NA,NA,NA,NA,Lawine,banguko,s,maambukizi,usuluhishi,chekechea,dfs,NA,8
56b99,Shallow Question,html.Page,3_0_8_0_2_1_0,banguko,NA,form submission,9096.6000000238,1230644.1,1230642.2,1230659,1239755.6,1239755.9,2024-05-07T08:39:27Z,1239770.2,NA,NA,NA,NA,NA,NA,NA,NA,NA,NA,NA,NA,NA,NA,NA,NA,NA,NA,NA,NA,Lawine,banguko,s,maambukizi,usuluhishi,chekechea,NA,NA,8
56b99,"""Richtig""-Screen",canvas.Screen,3_0_8_0_2_1_1,NA,NA,timeout,4997,1239758.8000001,1239753.688,1239770.2,1244750.1,1244752.4,2024-05-07T08:39:32Z,1244767.2,NA,NA,NA,NA,NA,NA,NA,NA,NA,NA,NA,NA,NA,NA,NA,NA,NA,NA,NA,NA,Lawine,banguko,s,maambukizi,usuluhishi,chekechea,dfs,1,8
56b99,"""Falsch""-Screen",canvas.Screen,3_0_8_0_2_1_2,NA,NA,skipped,NA,1244757,NA,NA,1244750.1,1244757,2024-05-07T08:39:32Z,1244767.2,NA,NA,NA,NA,NA,NA,NA,NA,NA,NA,NA,NA,NA,NA,NA,NA,NA,NA,NA,NA,Lawine,banguko,s,maambukizi,usuluhishi,chekechea,dfs,NA,8
56b99,shallow,flow.Sequence,3_0_8_0_2_1,NA,NA,completion,14091.1,1230644.1,1230642.2,1230659,1244750.1,1244757.1,2024-05-07T08:39:32Z,1244767.2,NA,NA,NA,NA,NA,NA,NA,NA,NA,NA,NA,NA,NA,NA,NA,NA,NA,NA,NA,NA,Lawine,banguko,s,maambukizi,usuluhishi,chekechea,dfs,NA,8
56b99,task,flow.Sequence,3_0_8_0_2,NA,NA,completion,14091.1,1230643.8000001,1230642.2,1230659,1244750.1,1244757.1,2024-05-07T08:39:32Z,1244767.2,NA,NA,NA,NA,NA,NA,NA,NA,NA,NA,NA,NA,NA,NA,NA,NA,NA,NA,NA,NA,Lawine,banguko,s,maambukizi,usuluhishi,chekechea,dfs,NA,8
56b99,Deep Question,html.Page,3_0_8_0_3_0_0,kiwiliwili,NA,form submission,9281.9000000239,1244757.2,1244750.1,1244767.2,1254049.1,1254049.3000001,2024-05-07T08:39:41Z,1254061.2,NA,NA,NA,NA,NA,NA,NA,NA,NA,NA,NA,NA,NA,NA,NA,NA,NA,NA,NA,NA,Symbol,kielezo,d,NA,NA,NA,NA,NA,8
56b99,"""Richtig""-Screen",canvas.Screen,3_0_8_0_3_0_1,NA,NA,skipped,NA,1254052.1,NA,NA,1254049.1,1254052.3000001,2024-05-07T08:39:41Z,1254061.2,NA,NA,NA,NA,NA,NA,NA,NA,NA,NA,NA,NA,NA,NA,NA,NA,NA,NA,NA,NA,Symbol,kielezo,d,NA,NA,NA,dfs,NA,8
56b99,"""Falsch""-Screen",canvas.Screen,3_0_8_0_3_0_2,NA,NA,timeout,4997.3,1254052.9,1254045.158,1254061.2,1259041.8,1259042.6,2024-05-07T08:39:46Z,1259058.5,NA,NA,NA,NA,NA,NA,NA,NA,NA,NA,NA,NA,NA,NA,NA,NA,NA,NA,NA,NA,Symbol,kielezo,d,NA,NA,NA,dfs,0,8
56b99,deep,flow.Sequence,3_0_8_0_3_0,NA,NA,completion,14274.6,1244757.2,1244750.1,1244767.2,1259041.8,1259043,2024-05-07T08:39:46Z,1259058.5,NA,NA,NA,NA,NA,NA,NA,NA,NA,NA,NA,NA,NA,NA,NA,NA,NA,NA,NA,NA,Symbol,kielezo,d,NA,NA,NA,dfs,NA,8
56b99,shallow,flow.Sequence,3_0_8_0_3_1,NA,NA,skipped,NA,1259043.3000001,NA,NA,1259041.8,1259043.4,2024-05-07T08:39:46Z,1259058.5,NA,NA,NA,NA,NA,NA,NA,NA,NA,NA,NA,NA,NA,NA,NA,NA,NA,NA,NA,NA,Symbol,kielezo,d,NA,NA,NA,dfs,NA,8
56b99,task,flow.Sequence,3_0_8_0_3,NA,NA,completion,14274.6,1244757.2,1244750.1,1244767.2,1259041.8,1259043.6,2024-05-07T08:39:46Z,1259058.5,NA,NA,NA,NA,NA,NA,NA,NA,NA,NA,NA,NA,NA,NA,NA,NA,NA,NA,NA,NA,Symbol,kielezo,d,NA,NA,NA,dfs,NA,8
56b99,deep,flow.Sequence,3_0_8_0_4_0,NA,NA,skipped,NA,1259043.7,NA,NA,1259041.8,1259043.8000001,2024-05-07T08:39:46Z,1259058.5,NA,NA,NA,NA,NA,NA,NA,NA,NA,NA,NA,NA,NA,NA,NA,NA,NA,NA,NA,NA,Konkurrent,mshindani,s,msemaji,mvutaji,kipukusa,dfs,NA,8
56b99,Shallow Question,html.Page,3_0_8_0_4_1_0,mshindani,NA,form submission,4498.3000000715,1259044,1259041.8,1259058.5,1263556.8000001,1263557,2024-05-07T08:39:51Z,1263571.9,NA,NA,NA,NA,NA,NA,NA,NA,NA,NA,NA,NA,NA,NA,NA,NA,NA,NA,NA,NA,Konkurrent,mshindani,s,msemaji,mvutaji,kipukusa,NA,NA,8
56b99,"""Richtig""-Screen",canvas.Screen,3_0_8_0_4_1_1,NA,NA,timeout,4996.9000000001,1263559.9,1263555.73,1263571.9,1268552.2,1268553.3000001,2024-05-07T08:39:56Z,1268568.8,NA,NA,NA,NA,NA,NA,NA,NA,NA,NA,NA,NA,NA,NA,NA,NA,NA,NA,NA,NA,Konkurrent,mshindani,s,msemaji,mvutaji,kipukusa,dfs,1,8
56b99,"""Falsch""-Screen",canvas.Screen,3_0_8_0_4_1_2,NA,NA,skipped,NA,1268558.5,NA,NA,1268552.2,1268558.6,2024-05-07T08:39:56Z,1268568.8,NA,NA,NA,NA,NA,NA,NA,NA,NA,NA,NA,NA,NA,NA,NA,NA,NA,NA,NA,NA,Konkurrent,mshindani,s,msemaji,mvutaji,kipukusa,dfs,NA,8
56b99,shallow,flow.Sequence,3_0_8_0_4_1,NA,NA,completion,9493.7,1259043.9,1259041.8,1259058.5,1268552.2,1268558.7,2024-05-07T08:39:56Z,1268568.8,NA,NA,NA,NA,NA,NA,NA,NA,NA,NA,NA,NA,NA,NA,NA,NA,NA,NA,NA,NA,Konkurrent,mshindani,s,msemaji,mvutaji,kipukusa,dfs,NA,8
56b99,task,flow.Sequence,3_0_8_0_4,NA,NA,completion,9493.7,1259043.7,1259041.8,1259058.5,1268552.2,1268558.7,2024-05-07T08:39:56Z,1268568.8,NA,NA,NA,NA,NA,NA,NA,NA,NA,NA,NA,NA,NA,NA,NA,NA,NA,NA,NA,NA,Konkurrent,mshindani,s,msemaji,mvutaji,kipukusa,dfs,NA,8
56b99,deep,flow.Sequence,3_0_8_0_5_0,NA,NA,skipped,NA,1268558.7,NA,NA,1268552.2,1268558.7,2024-05-07T08:39:56Z,1268568.8,NA,NA,NA,NA,NA,NA,NA,NA,NA,NA,NA,NA,NA,NA,NA,NA,NA,NA,NA,NA,System,maongozi,s,chokochoko,nuksani,mitaani,dfs,NA,8
56b99,Shallow Question,html.Page,3_0_8_0_5_1_0,maongozi,NA,form submission,6268.8000000238,1268558.8000001,1268552.2,1268568.8,1274837.6,1274837.8000001,2024-05-07T08:40:02Z,1274848.4,NA,NA,NA,NA,NA,NA,NA,NA,NA,NA,NA,NA,NA,NA,NA,NA,NA,NA,NA,NA,System,maongozi,s,chokochoko,nuksani,mitaani,NA,NA,8
56b99,"""Richtig""-Screen",canvas.Screen,3_0_8_0_5_1_1,NA,NA,timeout,4997.3,1274840.5,1274832.35,1274848.4,1279828.9,1279829.8000001,2024-05-07T08:40:07Z,1279845.7,NA,NA,NA,NA,NA,NA,NA,NA,NA,NA,NA,NA,NA,NA,NA,NA,NA,NA,NA,NA,System,maongozi,s,chokochoko,nuksani,mitaani,dfs,1,8
56b99,"""Falsch""-Screen",canvas.Screen,3_0_8_0_5_1_2,NA,NA,skipped,NA,1279834.8000001,NA,NA,1279828.9,1279835.1,2024-05-07T08:40:07Z,1279845.7,NA,NA,NA,NA,NA,NA,NA,NA,NA,NA,NA,NA,NA,NA,NA,NA,NA,NA,NA,NA,System,maongozi,s,chokochoko,nuksani,mitaani,dfs,NA,8
56b99,shallow,flow.Sequence,3_0_8_0_5_1,NA,NA,completion,11260.1,1268558.8000001,1268552.2,1268568.8,1279828.9,1279835.2,2024-05-07T08:40:07Z,1279845.7,NA,NA,NA,NA,NA,NA,NA,NA,NA,NA,NA,NA,NA,NA,NA,NA,NA,NA,NA,NA,System,maongozi,s,chokochoko,nuksani,mitaani,dfs,NA,8
56b99,task,flow.Sequence,3_0_8_0_5,NA,NA,completion,11260.1,1268558.7,1268552.2,1268568.8,1279828.9,1279835.3000001,2024-05-07T08:40:07Z,1279845.7,NA,NA,NA,NA,NA,NA,NA,NA,NA,NA,NA,NA,NA,NA,NA,NA,NA,NA,NA,NA,System,maongozi,s,chokochoko,nuksani,mitaani,dfs,NA,8
56b99,deep,flow.Sequence,3_0_8_0_6_0,NA,NA,skipped,NA,1279835.3000001,NA,NA,1279828.9,1279835.3000001,2024-05-07T08:40:07Z,1279845.7,NA,NA,NA,NA,NA,NA,NA,NA,NA,NA,NA,NA,NA,NA,NA,NA,NA,NA,NA,NA,Vorsorge,tahadhari,s,ufafanuzi,makini,mashambani,dfs,NA,8
56b99,Shallow Question,html.Page,3_0_8_0_6_1_0,tahadhari,NA,form submission,4561.4000000239,1279835.4,1279828.9,1279845.7,1284407.1,1284407.3000001,2024-05-07T08:40:12Z,1284426.4,NA,NA,NA,NA,NA,NA,NA,NA,NA,NA,NA,NA,NA,NA,NA,NA,NA,NA,NA,NA,Vorsorge,tahadhari,s,ufafanuzi,makini,mashambani,NA,NA,8
56b99,"""Richtig""-Screen",canvas.Screen,3_0_8_0_6_1_1,NA,NA,timeout,4996.8,1284410.1,1284409.73,1284426.4,1289406.5,1289407.4,2024-05-07T08:40:17Z,1289423.2,NA,NA,NA,NA,NA,NA,NA,NA,NA,NA,NA,NA,NA,NA,NA,NA,NA,NA,NA,NA,Vorsorge,tahadhari,s,ufafanuzi,makini,mashambani,dfs,1,8
56b99,"""Falsch""-Screen",canvas.Screen,3_0_8_0_6_1_2,NA,NA,skipped,NA,1289412.4,NA,NA,1289406.5,1289412.5,2024-05-07T08:40:17Z,1289423.2,NA,NA,NA,NA,NA,NA,NA,NA,NA,NA,NA,NA,NA,NA,NA,NA,NA,NA,NA,NA,Vorsorge,tahadhari,s,ufafanuzi,makini,mashambani,dfs,NA,8
56b99,shallow,flow.Sequence,3_0_8_0_6_1,NA,NA,completion,9560.8,1279835.3000001,1279828.9,1279845.7,1289406.5,1289412.6,2024-05-07T08:40:17Z,1289423.2,NA,NA,NA,NA,NA,NA,NA,NA,NA,NA,NA,NA,NA,NA,NA,NA,NA,NA,NA,NA,Vorsorge,tahadhari,s,ufafanuzi,makini,mashambani,dfs,NA,8
56b99,task,flow.Sequence,3_0_8_0_6,NA,NA,completion,9560.8,1279835.3000001,1279828.9,1279845.7,1289406.5,1289412.7,2024-05-07T08:40:17Z,1289423.2,NA,NA,NA,NA,NA,NA,NA,NA,NA,NA,NA,NA,NA,NA,NA,NA,NA,NA,NA,NA,Vorsorge,tahadhari,s,ufafanuzi,makini,mashambani,dfs,NA,8
56b99,Deep Question,html.Page,3_0_8_0_7_0_0,kiwiliwili,NA,form submission,28431.8,1289412.8000001,1289406.5,1289423.2,1317855,1317855.2,2024-05-07T08:40:45Z,1317872.5,NA,NA,NA,NA,NA,NA,NA,NA,NA,NA,NA,NA,NA,NA,NA,NA,NA,NA,NA,NA,Übersicht,kilindo,d,NA,NA,NA,NA,NA,8
56b99,"""Richtig""-Screen",canvas.Screen,3_0_8_0_7_0_1,NA,NA,skipped,NA,1317857,NA,NA,1317855,1317857.1,2024-05-07T08:40:45Z,1317872.5,NA,NA,NA,NA,NA,NA,NA,NA,NA,NA,NA,NA,NA,NA,NA,NA,NA,NA,NA,NA,Übersicht,kilindo,d,NA,NA,NA,dfs,NA,8
56b99,"""Falsch""-Screen",canvas.Screen,3_0_8_0_7_0_2,NA,NA,timeout,4997,1317857.5,1317856.092,1317872.5,1322852.5,1322854.2,2024-05-07T08:40:50Z,1322869.5,NA,NA,NA,NA,NA,NA,NA,NA,NA,NA,NA,NA,NA,NA,NA,NA,NA,NA,NA,NA,Übersicht,kilindo,d,NA,NA,NA,dfs,0,8
56b99,deep,flow.Sequence,3_0_8_0_7_0,NA,NA,completion,33429.3,1289412.8000001,1289406.5,1289423.2,1322852.5,1322854.5,2024-05-07T08:40:50Z,1322869.5,NA,NA,NA,NA,NA,NA,NA,NA,NA,NA,NA,NA,NA,NA,NA,NA,NA,NA,NA,NA,Übersicht,kilindo,d,NA,NA,NA,dfs,NA,8
56b99,shallow,flow.Sequence,3_0_8_0_7_1,NA,NA,skipped,NA,1322854.6,NA,NA,1322852.5,1322854.7,2024-05-07T08:40:50Z,1322869.5,NA,NA,NA,NA,NA,NA,NA,NA,NA,NA,NA,NA,NA,NA,NA,NA,NA,NA,NA,NA,Übersicht,kilindo,d,NA,NA,NA,dfs,NA,8
56b99,task,flow.Sequence,3_0_8_0_7,NA,NA,completion,33429.3,1289412.7,1289406.5,1289423.2,1322852.5,1322854.9,2024-05-07T08:40:50Z,1322869.5,NA,NA,NA,NA,NA,NA,NA,NA,NA,NA,NA,NA,NA,NA,NA,NA,NA,NA,NA,NA,Übersicht,kilindo,d,NA,NA,NA,dfs,NA,8
56b99,block,flow.Loop,3_0_8_0,NA,NA,completion,135049.952,1187805.5,1187802.548,1187802.548,1322852.5,1322855,2024-05-07T08:40:50Z,1322869.5,NA,NA,NA,NA,NA,NA,NA,NA,NA,NA,NA,NA,NA,NA,NA,NA,NA,NA,NA,NA,NA,NA,NA,NA,NA,NA,dfs,NA,8
56b99,weiter,canvas.Screen,3_0_8_1,sdf,keypress(Space),response,1464.3999999762,1322855.2,1322852.5,1322869.5,1324333.9,1324334.3000001,2024-05-07T08:40:52Z,1324352.9,NA,NA,NA,NA,NA,NA,NA,NA,NA,NA,NA,NA,NA,NA,NA,NA,NA,NA,NA,NA,NA,NA,NA,NA,NA,NA,dfs,NA,8
56b99,check continue,flow.Sequence,3_0_8,NA,NA,completion,136531.35199998,1187805.5,1187802.548,1187802.548,1324333.9,1324334.5,2024-05-07T08:40:52Z,1324352.9,NA,NA,NA,NA,NA,NA,NA,NA,NA,NA,NA,NA,NA,NA,NA,NA,NA,NA,NA,NA,NA,NA,NA,NA,NA,NA,dfs,NA,8
56b99,Deep Question,html.Page,3_0_9_0_0_0_0,kilindo,NA,form submission,9241.1000000001,1324350.1,1324335.676,1324352.9,1333594,1333594.3000001,2024-05-07T08:41:01Z,1333612.9,NA,NA,NA,NA,NA,NA,NA,NA,NA,NA,NA,NA,NA,NA,NA,NA,NA,NA,NA,NA,Symbol,kielezo,d,NA,NA,NA,NA,NA,9
56b99,"""Richtig""-Screen",canvas.Screen,3_0_9_0_0_0_1,NA,NA,skipped,NA,1333597.3000001,NA,NA,1333594,1333597.4,2024-05-07T08:41:01Z,1333612.9,NA,NA,NA,NA,NA,NA,NA,NA,NA,NA,NA,NA,NA,NA,NA,NA,NA,NA,NA,NA,Symbol,kielezo,d,NA,NA,NA,dsf,NA,9
56b99,"""Falsch""-Screen",canvas.Screen,3_0_9_0_0_0_2,NA,NA,timeout,4996.9000000001,1333598.2,1333596.428,1333612.9,1338593.1,1338594,2024-05-07T08:41:06Z,1338609.8,NA,NA,NA,NA,NA,NA,NA,NA,NA,NA,NA,NA,NA,NA,NA,NA,NA,NA,NA,NA,Symbol,kielezo,d,NA,NA,NA,dsf,0,9
56b99,deep,flow.Sequence,3_0_9_0_0_0,NA,NA,completion,14240.2,1324350.1,1324335.676,1324352.9,1338593.1,1338594.3000001,2024-05-07T08:41:06Z,1338609.8,NA,NA,NA,NA,NA,NA,NA,NA,NA,NA,NA,NA,NA,NA,NA,NA,NA,NA,NA,NA,Symbol,kielezo,d,NA,NA,NA,dsf,NA,9
56b99,shallow,flow.Sequence,3_0_9_0_0_1,NA,NA,skipped,NA,1338594.4,NA,NA,1338593.1,1338594.5,2024-05-07T08:41:06Z,1338609.8,NA,NA,NA,NA,NA,NA,NA,NA,NA,NA,NA,NA,NA,NA,NA,NA,NA,NA,NA,NA,Symbol,kielezo,d,NA,NA,NA,dsf,NA,9
56b99,task,flow.Sequence,3_0_9_0_0,NA,NA,completion,14240.2,1324350.1,1324335.676,1324352.9,1338593.1,1338594.8000001,2024-05-07T08:41:06Z,1338609.8,NA,NA,NA,NA,NA,NA,NA,NA,NA,NA,NA,NA,NA,NA,NA,NA,NA,NA,NA,NA,Symbol,kielezo,d,NA,NA,NA,dsf,NA,9
56b99,Deep Question,html.Page,3_0_9_0_1_0_0,kiwiliwili,NA,form submission,10945.599999976,1338595,1338593.1,1338609.8,1349555.4,1349555.7,2024-05-07T08:41:17Z,1349586.7,NA,NA,NA,NA,NA,NA,NA,NA,NA,NA,NA,NA,NA,NA,NA,NA,NA,NA,NA,NA,Körper,kiwiliwili,d,NA,NA,NA,NA,NA,9
56b99,"""Richtig""-Screen",canvas.Screen,3_0_9_0_1_0_1,NA,NA,timeout,4996.3,1349558.7,1349569.7,1349586.7,1354566.6,1354569.1,2024-05-07T08:41:22Z,1354583,NA,NA,NA,NA,NA,NA,NA,NA,NA,NA,NA,NA,NA,NA,NA,NA,NA,NA,NA,NA,Körper,kiwiliwili,d,NA,NA,NA,dsf,1,9
56b99,"""Falsch""-Screen",canvas.Screen,3_0_9_0_1_0_2,NA,NA,skipped,NA,1354574,NA,NA,1354566.6,1354574,2024-05-07T08:41:22Z,1354583,NA,NA,NA,NA,NA,NA,NA,NA,NA,NA,NA,NA,NA,NA,NA,NA,NA,NA,NA,NA,Körper,kiwiliwili,d,NA,NA,NA,dsf,NA,9
56b99,deep,flow.Sequence,3_0_9_0_1_0,NA,NA,completion,15956.8,1338594.9,1338593.1,1338609.8,1354566.6,1354574.2,2024-05-07T08:41:22Z,1354583,NA,NA,NA,NA,NA,NA,NA,NA,NA,NA,NA,NA,NA,NA,NA,NA,NA,NA,NA,NA,Körper,kiwiliwili,d,NA,NA,NA,dsf,NA,9
56b99,shallow,flow.Sequence,3_0_9_0_1_1,NA,NA,skipped,NA,1354574.3000001,NA,NA,1354566.6,1354574.3000001,2024-05-07T08:41:22Z,1354583,NA,NA,NA,NA,NA,NA,NA,NA,NA,NA,NA,NA,NA,NA,NA,NA,NA,NA,NA,NA,Körper,kiwiliwili,d,NA,NA,NA,dsf,NA,9
56b99,task,flow.Sequence,3_0_9_0_1,NA,NA,completion,15956.8,1338594.9,1338593.1,1338609.8,1354566.6,1354580.3000001,2024-05-07T08:41:22Z,1354583,NA,NA,NA,NA,NA,NA,NA,NA,NA,NA,NA,NA,NA,NA,NA,NA,NA,NA,NA,NA,Körper,kiwiliwili,d,NA,NA,NA,dsf,NA,9
56b99,deep,flow.Sequence,3_0_9_0_2_0,NA,NA,skipped,NA,1354580.5,NA,NA,1354566.6,1354580.7,2024-05-07T08:41:22Z,1354583,NA,NA,NA,NA,NA,NA,NA,NA,NA,NA,NA,NA,NA,NA,NA,NA,NA,NA,NA,NA,System,maongozi,s,chokochoko,nuksani,mitaani,dsf,NA,9
56b99,Shallow Question,html.Page,3_0_9_0_2_1_0,maongozi,NA,form submission,5158.3999999762,1354580.8000001,1354566.6,1354583,1359741.4,1359741.5,2024-05-07T08:41:27Z,1359763.7,NA,NA,NA,NA,NA,NA,NA,NA,NA,NA,NA,NA,NA,NA,NA,NA,NA,NA,NA,NA,System,maongozi,s,chokochoko,nuksani,mitaani,NA,NA,9
56b99,"""Richtig""-Screen",canvas.Screen,3_0_9_0_2_1_1,NA,NA,timeout,4996.9000000001,1359742.8000001,1359747.066,1359763.7,1364744,1364744.6,2024-05-07T08:41:32Z,1364760.6,NA,NA,NA,NA,NA,NA,NA,NA,NA,NA,NA,NA,NA,NA,NA,NA,NA,NA,NA,NA,System,maongozi,s,chokochoko,nuksani,mitaani,dsf,1,9
56b99,"""Falsch""-Screen",canvas.Screen,3_0_9_0_2_1_2,NA,NA,skipped,NA,1364747.5,NA,NA,1364744,1364747.5,2024-05-07T08:41:32Z,1364760.6,NA,NA,NA,NA,NA,NA,NA,NA,NA,NA,NA,NA,NA,NA,NA,NA,NA,NA,NA,NA,System,maongozi,s,chokochoko,nuksani,mitaani,dsf,NA,9
56b99,shallow,flow.Sequence,3_0_9_0_2_1,NA,NA,completion,10161,1354580.8000001,1354566.6,1354583,1364744,1364747.7,2024-05-07T08:41:32Z,1364760.6,NA,NA,NA,NA,NA,NA,NA,NA,NA,NA,NA,NA,NA,NA,NA,NA,NA,NA,NA,NA,System,maongozi,s,chokochoko,nuksani,mitaani,dsf,NA,9
56b99,task,flow.Sequence,3_0_9_0_2,NA,NA,completion,10161,1354580.4,1354566.6,1354583,1364744,1364747.9,2024-05-07T08:41:32Z,1364760.6,NA,NA,NA,NA,NA,NA,NA,NA,NA,NA,NA,NA,NA,NA,NA,NA,NA,NA,NA,NA,System,maongozi,s,chokochoko,nuksani,mitaani,dsf,NA,9
56b99,deep,flow.Sequence,3_0_9_0_3_0,NA,NA,skipped,NA,1364747.9,NA,NA,1364744,1364747.9,2024-05-07T08:41:32Z,1364760.6,NA,NA,NA,NA,NA,NA,NA,NA,NA,NA,NA,NA,NA,NA,NA,NA,NA,NA,NA,NA,Konkurrent,mshindani,s,msemaji,mvutaji,kipukusa,dsf,NA,9
56b99,Shallow Question,html.Page,3_0_9_0_3_1_0,mshindani,NA,form submission,6195.2000000714,1364748,1364744,1364760.6,1370955.8000001,1370956,2024-05-07T08:41:38Z,1370956.994,NA,NA,NA,NA,NA,NA,NA,NA,NA,NA,NA,NA,NA,NA,NA,NA,NA,NA,NA,NA,Konkurrent,mshindani,s,msemaji,mvutaji,kipukusa,NA,NA,9
56b99,"""Richtig""-Screen",canvas.Screen,3_0_9_0_3_1_1,NA,NA,timeout,4996.8060000001,1370958.8000001,1370956.994,1370956.994,1375937.2,1375938.1,2024-05-07T08:41:43Z,1375953.8,NA,NA,NA,NA,NA,NA,NA,NA,NA,NA,NA,NA,NA,NA,NA,NA,NA,NA,NA,NA,Konkurrent,mshindani,s,msemaji,mvutaji,kipukusa,dsf,1,9
56b99,"""Falsch""-Screen",canvas.Screen,3_0_9_0_3_1_2,NA,NA,skipped,NA,1375943.2,NA,NA,1375937.2,1375943.3000001,2024-05-07T08:41:43Z,1375953.8,NA,NA,NA,NA,NA,NA,NA,NA,NA,NA,NA,NA,NA,NA,NA,NA,NA,NA,NA,NA,Konkurrent,mshindani,s,msemaji,mvutaji,kipukusa,dsf,NA,9
56b99,shallow,flow.Sequence,3_0_9_0_3_1,NA,NA,completion,11176.6,1364747.9,1364744,1364760.6,1375937.2,1375943.5,2024-05-07T08:41:43Z,1375953.8,NA,NA,NA,NA,NA,NA,NA,NA,NA,NA,NA,NA,NA,NA,NA,NA,NA,NA,NA,NA,Konkurrent,mshindani,s,msemaji,mvutaji,kipukusa,dsf,NA,9
56b99,task,flow.Sequence,3_0_9_0_3,NA,NA,completion,11176.6,1364747.9,1364744,1364760.6,1375937.2,1375943.6,2024-05-07T08:41:43Z,1375953.8,NA,NA,NA,NA,NA,NA,NA,NA,NA,NA,NA,NA,NA,NA,NA,NA,NA,NA,NA,NA,Konkurrent,mshindani,s,msemaji,mvutaji,kipukusa,dsf,NA,9
56b99,deep,flow.Sequence,3_0_9_0_4_0,NA,NA,skipped,NA,1375943.6,NA,NA,1375937.2,1375943.6,2024-05-07T08:41:43Z,1375953.8,NA,NA,NA,NA,NA,NA,NA,NA,NA,NA,NA,NA,NA,NA,NA,NA,NA,NA,NA,NA,Lawine,banguko,s,maambukizi,usuluhishi,chekechea,dsf,NA,9
56b99,Shallow Question,html.Page,3_0_9_0_4_1_0,banguko,NA,form submission,5324.0000000715,1375943.6,1375937.2,1375953.8,1381277.8000001,1381278.1,2024-05-07T08:41:48Z,1381283.4,NA,NA,NA,NA,NA,NA,NA,NA,NA,NA,NA,NA,NA,NA,NA,NA,NA,NA,NA,NA,Lawine,banguko,s,maambukizi,usuluhishi,chekechea,NA,NA,9
56b99,"""Richtig""-Screen",canvas.Screen,3_0_9_0_4_1_1,NA,NA,timeout,4997.5,1381280.8000001,1381267.4,1381283.4,1386263.7,1386264.6,2024-05-07T08:41:53Z,1386280.9,NA,NA,NA,NA,NA,NA,NA,NA,NA,NA,NA,NA,NA,NA,NA,NA,NA,NA,NA,NA,Lawine,banguko,s,maambukizi,usuluhishi,chekechea,dsf,1,9
56b99,"""Falsch""-Screen",canvas.Screen,3_0_9_0_4_1_2,NA,NA,skipped,NA,1386269.2,NA,NA,1386263.7,1386269.3000001,2024-05-07T08:41:53Z,1386280.9,NA,NA,NA,NA,NA,NA,NA,NA,NA,NA,NA,NA,NA,NA,NA,NA,NA,NA,NA,NA,Lawine,banguko,s,maambukizi,usuluhishi,chekechea,dsf,NA,9
56b99,shallow,flow.Sequence,3_0_9_0_4_1,NA,NA,completion,10309.9,1375943.6,1375937.2,1375953.8,1386263.7,1386269.6,2024-05-07T08:41:53Z,1386280.9,NA,NA,NA,NA,NA,NA,NA,NA,NA,NA,NA,NA,NA,NA,NA,NA,NA,NA,NA,NA,Lawine,banguko,s,maambukizi,usuluhishi,chekechea,dsf,NA,9
56b99,task,flow.Sequence,3_0_9_0_4,NA,NA,completion,10309.9,1375943.6,1375937.2,1375953.8,1386263.7,1386269.8000001,2024-05-07T08:41:53Z,1386280.9,NA,NA,NA,NA,NA,NA,NA,NA,NA,NA,NA,NA,NA,NA,NA,NA,NA,NA,NA,NA,Lawine,banguko,s,maambukizi,usuluhishi,chekechea,dsf,NA,9
56b99,Deep Question,html.Page,3_0_9_0_5_0_0,kilendo,NA,form submission,8248.4000000716,1386269.9,1386263.7,1386280.9,1394529.3000001,1394529.6,2024-05-07T08:42:02Z,1394558.9,NA,NA,NA,NA,NA,NA,NA,NA,NA,NA,NA,NA,NA,NA,NA,NA,NA,NA,NA,NA,Zuwachs,nyongeza,d,NA,NA,NA,NA,NA,9
56b99,"""Richtig""-Screen",canvas.Screen,3_0_9_0_5_0_1,NA,NA,skipped,NA,1394532.5,NA,NA,1394529.3000001,1394532.6,2024-05-07T08:42:02Z,1394558.9,NA,NA,NA,NA,NA,NA,NA,NA,NA,NA,NA,NA,NA,NA,NA,NA,NA,NA,NA,NA,Zuwachs,nyongeza,d,NA,NA,NA,dsf,NA,9
56b99,"""Falsch""-Screen",canvas.Screen,3_0_9_0_5_0_2,NA,NA,timeout,4997.1000000001,1394533.3000001,1394542.494,1394558.9,1399539.2,1399540.1,2024-05-07T08:42:07Z,1399556,NA,NA,NA,NA,NA,NA,NA,NA,NA,NA,NA,NA,NA,NA,NA,NA,NA,NA,NA,NA,Zuwachs,nyongeza,d,NA,NA,NA,dsf,0,9
56b99,deep,flow.Sequence,3_0_9_0_5_0,NA,NA,completion,13258.3,1386269.9,1386263.7,1386280.9,1399539.2,1399540.4,2024-05-07T08:42:07Z,1399556,NA,NA,NA,NA,NA,NA,NA,NA,NA,NA,NA,NA,NA,NA,NA,NA,NA,NA,NA,NA,Zuwachs,nyongeza,d,NA,NA,NA,dsf,NA,9
56b99,shallow,flow.Sequence,3_0_9_0_5_1,NA,NA,skipped,NA,1399540.5,NA,NA,1399539.2,1399540.7,2024-05-07T08:42:07Z,1399556,NA,NA,NA,NA,NA,NA,NA,NA,NA,NA,NA,NA,NA,NA,NA,NA,NA,NA,NA,NA,Zuwachs,nyongeza,d,NA,NA,NA,dsf,NA,9
56b99,task,flow.Sequence,3_0_9_0_5,NA,NA,completion,13258.3,1386269.8000001,1386263.7,1386280.9,1399539.2,1399540.9,2024-05-07T08:42:07Z,1399556,NA,NA,NA,NA,NA,NA,NA,NA,NA,NA,NA,NA,NA,NA,NA,NA,NA,NA,NA,NA,Zuwachs,nyongeza,d,NA,NA,NA,dsf,NA,9
56b99,deep,flow.Sequence,3_0_9_0_6_0,NA,NA,skipped,NA,1399541,NA,NA,1399539.2,1399541.1,2024-05-07T08:42:07Z,1399556,NA,NA,NA,NA,NA,NA,NA,NA,NA,NA,NA,NA,NA,NA,NA,NA,NA,NA,NA,NA,Vorsorge,tahadhari,s,ufafanuzi,makini,mashambani,dsf,NA,9
56b99,Shallow Question,html.Page,3_0_9_0_6_1_0,tahadhari,NA,form submission,7221.8000000715,1399541.2,1399539.2,1399556,1406777.8000001,1406778,2024-05-07T08:42:14Z,1406784.5,NA,NA,NA,NA,NA,NA,NA,NA,NA,NA,NA,NA,NA,NA,NA,NA,NA,NA,NA,NA,Vorsorge,tahadhari,s,ufafanuzi,makini,mashambani,NA,NA,9
56b99,"""Richtig""-Screen",canvas.Screen,3_0_9_0_6_1_1,NA,NA,timeout,4997.5,1406781.1,1406768.616,1406784.5,1411764.9,1411765.8000001,2024-05-07T08:42:19Z,1411782,NA,NA,NA,NA,NA,NA,NA,NA,NA,NA,NA,NA,NA,NA,NA,NA,NA,NA,NA,NA,Vorsorge,tahadhari,s,ufafanuzi,makini,mashambani,dsf,1,9
56b99,"""Falsch""-Screen",canvas.Screen,3_0_9_0_6_1_2,NA,NA,skipped,NA,1411770.9,NA,NA,1411764.9,1411771.2,2024-05-07T08:42:19Z,1411782,NA,NA,NA,NA,NA,NA,NA,NA,NA,NA,NA,NA,NA,NA,NA,NA,NA,NA,NA,NA,Vorsorge,tahadhari,s,ufafanuzi,makini,mashambani,dsf,NA,9
56b99,shallow,flow.Sequence,3_0_9_0_6_1,NA,NA,completion,12208.9,1399541.1,1399539.2,1399556,1411764.9,1411771.3000001,2024-05-07T08:42:19Z,1411782,NA,NA,NA,NA,NA,NA,NA,NA,NA,NA,NA,NA,NA,NA,NA,NA,NA,NA,NA,NA,Vorsorge,tahadhari,s,ufafanuzi,makini,mashambani,dsf,NA,9
56b99,task,flow.Sequence,3_0_9_0_6,NA,NA,completion,12208.9,1399540.9,1399539.2,1399556,1411764.9,1411771.4,2024-05-07T08:42:19Z,1411782,NA,NA,NA,NA,NA,NA,NA,NA,NA,NA,NA,NA,NA,NA,NA,NA,NA,NA,NA,NA,Vorsorge,tahadhari,s,ufafanuzi,makini,mashambani,dsf,NA,9
56b99,Deep Question,html.Page,3_0_9_0_7_0_0,kilindo,NA,form submission,18615.899999976,1411771.4,1411764.9,1411782,1430397.9,1430398.1,2024-05-07T08:42:38Z,1430420.4,NA,NA,NA,NA,NA,NA,NA,NA,NA,NA,NA,NA,NA,NA,NA,NA,NA,NA,NA,NA,Übersicht,kilindo,d,NA,NA,NA,NA,NA,9
56b99,"""Richtig""-Screen",canvas.Screen,3_0_9_0_7_0_1,NA,NA,timeout,4996.7000000002,1430401,1430404.062,1430420.4,1435400.7,1435401.5,2024-05-07T08:42:43Z,1435417.1,NA,NA,NA,NA,NA,NA,NA,NA,NA,NA,NA,NA,NA,NA,NA,NA,NA,NA,NA,NA,Übersicht,kilindo,d,NA,NA,NA,dsf,1,9
56b99,"""Falsch""-Screen",canvas.Screen,3_0_9_0_7_0_2,NA,NA,skipped,NA,1435406.1,NA,NA,1435400.7,1435406.3000001,2024-05-07T08:42:43Z,1435417.1,NA,NA,NA,NA,NA,NA,NA,NA,NA,NA,NA,NA,NA,NA,NA,NA,NA,NA,NA,NA,Übersicht,kilindo,d,NA,NA,NA,dsf,NA,9
56b99,deep,flow.Sequence,3_0_9_0_7_0,NA,NA,completion,23618.7,1411771.4,1411764.9,1411782,1435400.7,1435406.4,2024-05-07T08:42:43Z,1435417.1,NA,NA,NA,NA,NA,NA,NA,NA,NA,NA,NA,NA,NA,NA,NA,NA,NA,NA,NA,NA,Übersicht,kilindo,d,NA,NA,NA,dsf,NA,9
56b99,shallow,flow.Sequence,3_0_9_0_7_1,NA,NA,skipped,NA,1435406.5,NA,NA,1435400.7,1435406.7,2024-05-07T08:42:43Z,1435417.1,NA,NA,NA,NA,NA,NA,NA,NA,NA,NA,NA,NA,NA,NA,NA,NA,NA,NA,NA,NA,Übersicht,kilindo,d,NA,NA,NA,dsf,NA,9
56b99,task,flow.Sequence,3_0_9_0_7,NA,NA,completion,23618.7,1411771.4,1411764.9,1411782,1435400.7,1435406.8000001,2024-05-07T08:42:43Z,1435417.1,NA,NA,NA,NA,NA,NA,NA,NA,NA,NA,NA,NA,NA,NA,NA,NA,NA,NA,NA,NA,Übersicht,kilindo,d,NA,NA,NA,dsf,NA,9
56b99,block,flow.Loop,3_0_9_0,NA,NA,completion,111047.8,1324350.1,1324335.676,1324352.9,1435400.7,1435406.9,2024-05-07T08:42:43Z,1435417.1,NA,NA,NA,NA,NA,NA,NA,NA,NA,NA,NA,NA,NA,NA,NA,NA,NA,NA,NA,NA,NA,NA,NA,NA,NA,NA,dsf,NA,9
56b99,weiter,canvas.Screen,3_0_9_1,sdf,keypress(Space),response,1170.7000000714,1435407,1435400.7,1435417.1,1436587.8000001,1436588.9,2024-05-07T08:42:44Z,1436833.71,NA,NA,NA,NA,NA,NA,NA,NA,NA,NA,NA,NA,NA,NA,NA,NA,NA,NA,NA,NA,NA,NA,NA,NA,NA,NA,dsf,NA,9
56b99,check continue,flow.Sequence,3_0_9,NA,NA,completion,112234.90000007,1324350.1,1324335.676,1324352.9,1436587.8000001,1436589.2,2024-05-07T08:42:44Z,1436833.71,NA,NA,NA,NA,NA,NA,NA,NA,NA,NA,NA,NA,NA,NA,NA,NA,NA,NA,NA,NA,NA,NA,NA,NA,NA,NA,dsf,NA,9
56b99,check continue,flow.Sequence,3_0_10,NA,NA,skipped,NA,1436606.2,NA,NA,1436587.8000001,1436606.3000001,2024-05-07T08:42:44Z,1436833.71,NA,NA,NA,NA,NA,NA,NA,NA,NA,NA,NA,NA,NA,NA,NA,NA,NA,NA,NA,NA,NA,NA,NA,NA,NA,NA,df,NA,10
56b99,check continue,flow.Sequence,3_0_11,NA,NA,skipped,NA,1436628.3000001,NA,NA,1436587.8000001,1436628.4,2024-05-07T08:42:44Z,1436833.71,NA,NA,NA,NA,NA,NA,NA,NA,NA,NA,NA,NA,NA,NA,NA,NA,NA,NA,NA,NA,NA,NA,NA,NA,NA,NA,dfs,NA,11
56b99,check continue,flow.Sequence,3_0_12,NA,NA,skipped,NA,1436641.7,NA,NA,1436587.8000001,1436641.7,2024-05-07T08:42:44Z,1436833.71,NA,NA,NA,NA,NA,NA,NA,NA,NA,NA,NA,NA,NA,NA,NA,NA,NA,NA,NA,NA,NA,NA,NA,NA,NA,NA,dsf,NA,12
56b99,check continue,flow.Sequence,3_0_13,NA,NA,skipped,NA,1436655.5,NA,NA,1436587.8000001,1436655.6,2024-05-07T08:42:44Z,1436833.71,NA,NA,NA,NA,NA,NA,NA,NA,NA,NA,NA,NA,NA,NA,NA,NA,NA,NA,NA,NA,NA,NA,NA,NA,NA,NA,dsf,NA,13
56b99,check continue,flow.Sequence,3_0_14,NA,NA,skipped,NA,1436668.2,NA,NA,1436587.8000001,1436668.3000001,2024-05-07T08:42:44Z,1436833.71,NA,NA,NA,NA,NA,NA,NA,NA,NA,NA,NA,NA,NA,NA,NA,NA,NA,NA,NA,NA,NA,NA,NA,NA,NA,NA,NA,NA,14
56b99,check continue,flow.Sequence,3_0_15,NA,NA,skipped,NA,1436680.1,NA,NA,1436587.8000001,1436680.2,2024-05-07T08:42:44Z,1436833.71,NA,NA,NA,NA,NA,NA,NA,NA,NA,NA,NA,NA,NA,NA,NA,NA,NA,NA,NA,NA,NA,NA,NA,NA,NA,NA,NA,NA,15
56b99,check continue,flow.Sequence,3_0_16,NA,NA,skipped,NA,1436690.7,NA,NA,1436587.8000001,1436690.7,2024-05-07T08:42:44Z,1436833.71,NA,NA,NA,NA,NA,NA,NA,NA,NA,NA,NA,NA,NA,NA,NA,NA,NA,NA,NA,NA,NA,NA,NA,NA,NA,NA,NA,NA,16
56b99,check continue,flow.Sequence,3_0_17,NA,NA,skipped,NA,1436701.9,NA,NA,1436587.8000001,1436702,2024-05-07T08:42:44Z,1436833.71,NA,NA,NA,NA,NA,NA,NA,NA,NA,NA,NA,NA,NA,NA,NA,NA,NA,NA,NA,NA,NA,NA,NA,NA,NA,NA,NA,NA,17
56b99,check continue,flow.Sequence,3_0_18,NA,NA,skipped,NA,1436713.5,NA,NA,1436587.8000001,1436713.5,2024-05-07T08:42:44Z,1436833.71,NA,NA,NA,NA,NA,NA,NA,NA,NA,NA,NA,NA,NA,NA,NA,NA,NA,NA,NA,NA,NA,NA,NA,NA,NA,NA,NA,NA,18
56b99,check continue,flow.Sequence,3_0_19,NA,NA,skipped,NA,1436725.3000001,NA,NA,1436587.8000001,1436725.3000001,2024-05-07T08:42:44Z,1436833.71,NA,NA,NA,NA,NA,NA,NA,NA,NA,NA,NA,NA,NA,NA,NA,NA,NA,NA,NA,NA,NA,NA,NA,NA,NA,NA,NA,NA,19
56b99,check continue,flow.Sequence,3_0_20,NA,NA,skipped,NA,1436736.1,NA,NA,1436587.8000001,1436736.2,2024-05-07T08:42:44Z,1436833.71,NA,NA,NA,NA,NA,NA,NA,NA,NA,NA,NA,NA,NA,NA,NA,NA,NA,NA,NA,NA,NA,NA,NA,NA,NA,NA,NA,NA,20
56b99,check continue,flow.Sequence,3_0_21,NA,NA,skipped,NA,1436747.1,NA,NA,1436587.8000001,1436747.1,2024-05-07T08:42:44Z,1436833.71,NA,NA,NA,NA,NA,NA,NA,NA,NA,NA,NA,NA,NA,NA,NA,NA,NA,NA,NA,NA,NA,NA,NA,NA,NA,NA,NA,NA,21
56b99,check continue,flow.Sequence,3_0_22,NA,NA,skipped,NA,1436758.2,NA,NA,1436587.8000001,1436758.4,2024-05-07T08:42:44Z,1436833.71,NA,NA,NA,NA,NA,NA,NA,NA,NA,NA,NA,NA,NA,NA,NA,NA,NA,NA,NA,NA,NA,NA,NA,NA,NA,NA,NA,NA,22
56b99,check continue,flow.Sequence,3_0_23,NA,NA,skipped,NA,1436768.9,NA,NA,1436587.8000001,1436768.9,2024-05-07T08:42:44Z,1436833.71,NA,NA,NA,NA,NA,NA,NA,NA,NA,NA,NA,NA,NA,NA,NA,NA,NA,NA,NA,NA,NA,NA,NA,NA,NA,NA,NA,NA,23
56b99,check continue,flow.Sequence,3_0_24,NA,NA,skipped,NA,1436780.4,NA,NA,1436587.8000001,1436780.4,2024-05-07T08:42:44Z,1436833.71,NA,NA,NA,NA,NA,NA,NA,NA,NA,NA,NA,NA,NA,NA,NA,NA,NA,NA,NA,NA,NA,NA,NA,NA,NA,NA,NA,NA,24
56b99,check continue,flow.Sequence,3_0_25,NA,NA,skipped,NA,1436790.7,NA,NA,1436587.8000001,1436790.7,2024-05-07T08:42:44Z,1436833.71,NA,NA,NA,NA,NA,NA,NA,NA,NA,NA,NA,NA,NA,NA,NA,NA,NA,NA,NA,NA,NA,NA,NA,NA,NA,NA,NA,NA,25
56b99,check continue,flow.Sequence,3_0_26,NA,NA,skipped,NA,1436802.1,NA,NA,1436587.8000001,1436802.1,2024-05-07T08:42:44Z,1436833.71,NA,NA,NA,NA,NA,NA,NA,NA,NA,NA,NA,NA,NA,NA,NA,NA,NA,NA,NA,NA,NA,NA,NA,NA,NA,NA,NA,NA,26
56b99,check continue,flow.Sequence,3_0_27,NA,NA,skipped,NA,1436813.6,NA,NA,1436587.8000001,1436813.6,2024-05-07T08:42:44Z,1436833.71,NA,NA,NA,NA,NA,NA,NA,NA,NA,NA,NA,NA,NA,NA,NA,NA,NA,NA,NA,NA,NA,NA,NA,NA,NA,NA,NA,NA,27
56b99,check continue,flow.Sequence,3_0_28,NA,NA,skipped,NA,1436825,NA,NA,1436587.8000001,1436825,2024-05-07T08:42:44Z,1436833.71,NA,NA,NA,NA,NA,NA,NA,NA,NA,NA,NA,NA,NA,NA,NA,NA,NA,NA,NA,NA,NA,NA,NA,NA,NA,NA,NA,NA,28
56b99,check continue,flow.Sequence,3_0_29,NA,NA,skipped,NA,1436836.6,NA,NA,1436587.8000001,1436836.7,2024-05-07T08:42:44Z,1436833.71,NA,NA,NA,NA,NA,NA,NA,NA,NA,NA,NA,NA,NA,NA,NA,NA,NA,NA,NA,NA,NA,NA,NA,NA,NA,NA,NA,NA,29
56b99,until continue,flow.Loop,3_0,NA,NA,completion,1201700.2860001,234871,234887.514,234887.514,1436587.8000001,1436836.7,2024-05-07T08:42:44Z,1436833.71,NA,NA,NA,NA,NA,NA,NA,NA,NA,NA,NA,NA,NA,NA,NA,NA,NA,NA,NA,NA,NA,NA,NA,NA,NA,NA,NA,NA,NA
56b99,block 1,flow.Sequence,3,NA,NA,completion,1201700.2860001,234871,234887.514,234887.514,1436587.8000001,1436836.8000001,2024-05-07T08:42:44Z,1436833.71,NA,NA,NA,NA,NA,NA,NA,NA,NA,NA,NA,NA,NA,NA,NA,NA,NA,NA,NA,NA,NA,NA,NA,NA,NA,NA,NA,NA,NA
56b99,1.Part Over,canvas.Screen,4,NA,keypress(Space),response,59846.090000072,1436836.8000001,1436833.71,1436833.71,1496679.8000001,1496680.9,2024-05-07T08:43:44Z,1496746.5,NA,NA,NA,NA,NA,NA,NA,NA,NA,NA,NA,NA,NA,NA,NA,NA,NA,NA,NA,NA,NA,NA,NA,NA,NA,NA,NA,NA,NA
56b99,deep,flow.Sequence,5_0_0_0_0_0,NA,NA,skipped,NA,1496733.7,NA,NA,1496679.8000001,1496733.7,2024-05-07T08:43:44Z,1496746.5,NA,NA,NA,NA,NA,NA,NA,NA,NA,NA,NA,NA,NA,NA,NA,NA,NA,NA,NA,NA,Polizist,msongora,s,simanzi,mandhari,nidhamu,sdf,NA,0
56b99,Shallow Question,html.Page,5_0_0_0_0_1_0,nidhamu,NA,form submission,14504.300000072,1496733.8000001,1496729.232,1496746.5,1511250.8000001,1511251.1,2024-05-07T08:43:58Z,1511254.828,NA,NA,NA,NA,NA,NA,NA,NA,NA,NA,NA,NA,NA,NA,NA,NA,NA,NA,NA,NA,Polizist,msongora,s,simanzi,mandhari,nidhamu,NA,NA,0
56b99,"""Richtig""-Screen",canvas.Screen,5_0_0_0_0_1_1,NA,NA,skipped,NA,1511254,NA,NA,1511250.8000001,1511254.1,2024-05-07T08:43:58Z,1511254.828,NA,NA,NA,NA,NA,NA,NA,NA,NA,NA,NA,NA,NA,NA,NA,NA,NA,NA,NA,NA,Polizist,msongora,s,simanzi,mandhari,nidhamu,sdf,NA,0
56b99,"""Falsch""-Screen",canvas.Screen,5_0_0_0_0_1_2,NA,NA,timeout,4996.672,1511255.1,1511254.828,1511254.828,1516234.5,1516235.4,2024-05-07T08:44:03Z,1516251.5,NA,NA,NA,NA,NA,NA,NA,NA,NA,NA,NA,NA,NA,NA,NA,NA,NA,NA,NA,NA,Polizist,msongora,s,simanzi,mandhari,nidhamu,sdf,0,0
56b99,shallow,flow.Sequence,5_0_0_0_0_1,NA,NA,completion,19488,1496733.8000001,1496729.232,1496746.5,1516234.5,1516235.7,2024-05-07T08:44:03Z,1516251.5,NA,NA,NA,NA,NA,NA,NA,NA,NA,NA,NA,NA,NA,NA,NA,NA,NA,NA,NA,NA,Polizist,msongora,s,simanzi,mandhari,nidhamu,sdf,NA,0
56b99,task,flow.Sequence,5_0_0_0_0,NA,NA,completion,19488,1496733.6,1496729.232,1496746.5,1516234.5,1516235.9,2024-05-07T08:44:03Z,1516251.5,NA,NA,NA,NA,NA,NA,NA,NA,NA,NA,NA,NA,NA,NA,NA,NA,NA,NA,NA,NA,Polizist,msongora,s,simanzi,mandhari,nidhamu,sdf,NA,0
56b99,Deep Question,html.Page,5_0_0_0_1_0_0,fds,NA,form submission,4718.6000000238,1516236.1,1516234.5,1516251.5,1520970.1,1520970.3000001,2024-05-07T08:44:08Z,1520981.5,NA,NA,NA,NA,NA,NA,NA,NA,NA,NA,NA,NA,NA,NA,NA,NA,NA,NA,NA,NA,Sympathie,mapendano,d,NA,NA,NA,NA,NA,0
56b99,"""Richtig""-Screen",canvas.Screen,5_0_0_0_1_0_1,NA,NA,skipped,NA,1520973.3000001,NA,NA,1520970.1,1520973.5,2024-05-07T08:44:08Z,1520981.5,NA,NA,NA,NA,NA,NA,NA,NA,NA,NA,NA,NA,NA,NA,NA,NA,NA,NA,NA,NA,Sympathie,mapendano,d,NA,NA,NA,sdf,NA,0
56b99,"""Falsch""-Screen",canvas.Screen,5_0_0_0_1_0_2,NA,NA,timeout,4997.1000000001,1520974.4,1520965.674,1520981.5,1525962,1525962.9,2024-05-07T08:44:13Z,1525978.6,NA,NA,NA,NA,NA,NA,NA,NA,NA,NA,NA,NA,NA,NA,NA,NA,NA,NA,NA,NA,Sympathie,mapendano,d,NA,NA,NA,sdf,0,0
56b99,deep,flow.Sequence,5_0_0_0_1_0,NA,NA,completion,9710.5,1516236.1,1516234.5,1516251.5,1525962,1525963.2,2024-05-07T08:44:13Z,1525978.6,NA,NA,NA,NA,NA,NA,NA,NA,NA,NA,NA,NA,NA,NA,NA,NA,NA,NA,NA,NA,Sympathie,mapendano,d,NA,NA,NA,sdf,NA,0
56b99,shallow,flow.Sequence,5_0_0_0_1_1,NA,NA,skipped,NA,1525963.4,NA,NA,1525962,1525963.4,2024-05-07T08:44:13Z,1525978.6,NA,NA,NA,NA,NA,NA,NA,NA,NA,NA,NA,NA,NA,NA,NA,NA,NA,NA,NA,NA,Sympathie,mapendano,d,NA,NA,NA,sdf,NA,0
56b99,task,flow.Sequence,5_0_0_0_1,NA,NA,completion,9710.5,1516236,1516234.5,1516251.5,1525962,1525963.6,2024-05-07T08:44:13Z,1525978.6,NA,NA,NA,NA,NA,NA,NA,NA,NA,NA,NA,NA,NA,NA,NA,NA,NA,NA,NA,NA,Sympathie,mapendano,d,NA,NA,NA,sdf,NA,0
56b99,Deep Question,html.Page,5_0_0_0_2_0_0,dfh,NA,form submission,5562.7999999761,1525963.8000001,1525962,1525978.6,1531541.4,1531541.6,2024-05-07T08:44:19Z,1531558.8,NA,NA,NA,NA,NA,NA,NA,NA,NA,NA,NA,NA,NA,NA,NA,NA,NA,NA,NA,NA,Annäherung,maegesho,d,NA,NA,NA,NA,NA,0
56b99,"""Richtig""-Screen",canvas.Screen,5_0_0_0_2_0_1,NA,NA,skipped,NA,1531544.7,NA,NA,1531541.4,1531544.8000001,2024-05-07T08:44:19Z,1531558.8,NA,NA,NA,NA,NA,NA,NA,NA,NA,NA,NA,NA,NA,NA,NA,NA,NA,NA,NA,NA,Annäherung,maegesho,d,NA,NA,NA,sdf,NA,0
56b99,"""Falsch""-Screen",canvas.Screen,5_0_0_0_2_0_2,NA,NA,timeout,4997.0999999999,1531545.3000001,1531542.476,1531558.8,1536538.7,1536539.8000001,2024-05-07T08:44:24Z,1536555.9,NA,NA,NA,NA,NA,NA,NA,NA,NA,NA,NA,NA,NA,NA,NA,NA,NA,NA,NA,NA,Annäherung,maegesho,d,NA,NA,NA,sdf,0,0
56b99,deep,flow.Sequence,5_0_0_0_2_0,NA,NA,completion,10560.1,1525963.7,1525962,1525978.6,1536538.7,1536540.2,2024-05-07T08:44:24Z,1536555.9,NA,NA,NA,NA,NA,NA,NA,NA,NA,NA,NA,NA,NA,NA,NA,NA,NA,NA,NA,NA,Annäherung,maegesho,d,NA,NA,NA,sdf,NA,0
56b99,shallow,flow.Sequence,5_0_0_0_2_1,NA,NA,skipped,NA,1536540.3000001,NA,NA,1536538.7,1536540.4,2024-05-07T08:44:24Z,1536555.9,NA,NA,NA,NA,NA,NA,NA,NA,NA,NA,NA,NA,NA,NA,NA,NA,NA,NA,NA,NA,Annäherung,maegesho,d,NA,NA,NA,sdf,NA,0
56b99,task,flow.Sequence,5_0_0_0_2,NA,NA,completion,10560.1,1525963.7,1525962,1525978.6,1536538.7,1536540.5,2024-05-07T08:44:24Z,1536555.9,NA,NA,NA,NA,NA,NA,NA,NA,NA,NA,NA,NA,NA,NA,NA,NA,NA,NA,NA,NA,Annäherung,maegesho,d,NA,NA,NA,sdf,NA,0
56b99,Deep Question,html.Page,5_0_0_0_3_0_0,ash,NA,form submission,4705.3000000478,1536540.8000001,1536538.7,1536555.9,1541261.2,1541261.4,2024-05-07T08:44:28Z,1541286.2,NA,NA,NA,NA,NA,NA,NA,NA,NA,NA,NA,NA,NA,NA,NA,NA,NA,NA,NA,NA,Kultur,utamaduni,d,NA,NA,NA,NA,NA,0
56b99,"""Richtig""-Screen",canvas.Screen,5_0_0_0_3_0_1,NA,NA,skipped,NA,1541264.5,NA,NA,1541261.2,1541264.7,2024-05-07T08:44:28Z,1541286.2,NA,NA,NA,NA,NA,NA,NA,NA,NA,NA,NA,NA,NA,NA,NA,NA,NA,NA,NA,NA,Kultur,utamaduni,d,NA,NA,NA,sdf,NA,0
56b99,"""Falsch""-Screen",canvas.Screen,5_0_0_0_3_0_2,NA,NA,timeout,4997,1541265.4,1541269.73,1541286.2,1546266.4,1546267.8000001,2024-05-07T08:44:33Z,1546283.2,NA,NA,NA,NA,NA,NA,NA,NA,NA,NA,NA,NA,NA,NA,NA,NA,NA,NA,NA,NA,Kultur,utamaduni,d,NA,NA,NA,sdf,0,0
56b99,deep,flow.Sequence,5_0_0_0_3_0,NA,NA,completion,9710.5,1536540.7,1536538.7,1536555.9,1546266.4,1546268.3000001,2024-05-07T08:44:33Z,1546283.2,NA,NA,NA,NA,NA,NA,NA,NA,NA,NA,NA,NA,NA,NA,NA,NA,NA,NA,NA,NA,Kultur,utamaduni,d,NA,NA,NA,sdf,NA,0
56b99,shallow,flow.Sequence,5_0_0_0_3_1,NA,NA,skipped,NA,1546268.4,NA,NA,1546266.4,1546268.5,2024-05-07T08:44:33Z,1546283.2,NA,NA,NA,NA,NA,NA,NA,NA,NA,NA,NA,NA,NA,NA,NA,NA,NA,NA,NA,NA,Kultur,utamaduni,d,NA,NA,NA,sdf,NA,0
56b99,task,flow.Sequence,5_0_0_0_3,NA,NA,completion,9710.5,1536540.7,1536538.7,1536555.9,1546266.4,1546268.7,2024-05-07T08:44:33Z,1546283.2,NA,NA,NA,NA,NA,NA,NA,NA,NA,NA,NA,NA,NA,NA,NA,NA,NA,NA,NA,NA,Kultur,utamaduni,d,NA,NA,NA,sdf,NA,0
56b99,deep,flow.Sequence,5_0_0_0_4_0,NA,NA,skipped,NA,1546268.8000001,NA,NA,1546266.4,1546268.9,2024-05-07T08:44:33Z,1546283.2,NA,NA,NA,NA,NA,NA,NA,NA,NA,NA,NA,NA,NA,NA,NA,NA,NA,NA,NA,NA,Beweis,ushahidi,s,marudio,kizuizi,mtendaji,sdf,NA,0
56b99,Shallow Question,html.Page,5_0_0_0_4_1_0,ushahidi,NA,form submission,6595.8,1546269.1,1546266.4,1546283.2,1552879,1552879.2,2024-05-07T08:44:40Z,1552895.9,NA,NA,NA,NA,NA,NA,NA,NA,NA,NA,NA,NA,NA,NA,NA,NA,NA,NA,NA,NA,Beweis,ushahidi,s,marudio,kizuizi,mtendaji,NA,NA,0
56b99,"""Richtig""-Screen",canvas.Screen,5_0_0_0_4_1_1,NA,NA,timeout,4996.9000000001,1552881,1552879.33,1552895.9,1557876.2,1557877.2,2024-05-07T08:44:45Z,1557892.8,NA,NA,NA,NA,NA,NA,NA,NA,NA,NA,NA,NA,NA,NA,NA,NA,NA,NA,NA,NA,Beweis,ushahidi,s,marudio,kizuizi,mtendaji,sdf,1,0
56b99,"""Falsch""-Screen",canvas.Screen,5_0_0_0_4_1_2,NA,NA,skipped,NA,1557882.4,NA,NA,1557876.2,1557882.5,2024-05-07T08:44:45Z,1557892.8,NA,NA,NA,NA,NA,NA,NA,NA,NA,NA,NA,NA,NA,NA,NA,NA,NA,NA,NA,NA,Beweis,ushahidi,s,marudio,kizuizi,mtendaji,sdf,NA,0
56b99,shallow,flow.Sequence,5_0_0_0_4_1,NA,NA,completion,11593,1546269,1546266.4,1546283.2,1557876.2,1557882.6,2024-05-07T08:44:45Z,1557892.8,NA,NA,NA,NA,NA,NA,NA,NA,NA,NA,NA,NA,NA,NA,NA,NA,NA,NA,NA,NA,Beweis,ushahidi,s,marudio,kizuizi,mtendaji,sdf,NA,0
56b99,task,flow.Sequence,5_0_0_0_4,NA,NA,completion,11593,1546268.8000001,1546266.4,1546283.2,1557876.2,1557882.6,2024-05-07T08:44:45Z,1557892.8,NA,NA,NA,NA,NA,NA,NA,NA,NA,NA,NA,NA,NA,NA,NA,NA,NA,NA,NA,NA,Beweis,ushahidi,s,marudio,kizuizi,mtendaji,sdf,NA,0
56b99,deep,flow.Sequence,5_0_0_0_5_0,NA,NA,skipped,NA,1557882.7,NA,NA,1557876.2,1557882.8000001,2024-05-07T08:44:45Z,1557892.8,NA,NA,NA,NA,NA,NA,NA,NA,NA,NA,NA,NA,NA,NA,NA,NA,NA,NA,NA,NA,Aufstand,ugomaji,s,mazidio,msingi,kujieleza,sdf,NA,0
56b99,Shallow Question,html.Page,5_0_0_0_5_1_0,ugomaji,NA,form submission,6362.8000000238,1557882.8000001,1557876.2,1557892.8,1564255.6,1564255.8000001,2024-05-07T08:44:51Z,1564272.2,NA,NA,NA,NA,NA,NA,NA,NA,NA,NA,NA,NA,NA,NA,NA,NA,NA,NA,NA,NA,Aufstand,ugomaji,s,mazidio,msingi,kujieleza,NA,NA,0
56b99,"""Richtig""-Screen",canvas.Screen,5_0_0_0_5_1_1,NA,NA,timeout,4996.6000000001,1564258.6,1564255.626,1564272.2,1569252.3,1569253.2,2024-05-07T08:44:56Z,1569268.8,NA,NA,NA,NA,NA,NA,NA,NA,NA,NA,NA,NA,NA,NA,NA,NA,NA,NA,NA,NA,Aufstand,ugomaji,s,mazidio,msingi,kujieleza,sdf,1,0
56b99,"""Falsch""-Screen",canvas.Screen,5_0_0_0_5_1_2,NA,NA,skipped,NA,1569257.9,NA,NA,1569252.3,1569258.1,2024-05-07T08:44:56Z,1569268.8,NA,NA,NA,NA,NA,NA,NA,NA,NA,NA,NA,NA,NA,NA,NA,NA,NA,NA,NA,NA,Aufstand,ugomaji,s,mazidio,msingi,kujieleza,sdf,NA,0
56b99,shallow,flow.Sequence,5_0_0_0_5_1,NA,NA,completion,11359.5,1557882.8000001,1557876.2,1557892.8,1569252.3,1569258.2,2024-05-07T08:44:56Z,1569268.8,NA,NA,NA,NA,NA,NA,NA,NA,NA,NA,NA,NA,NA,NA,NA,NA,NA,NA,NA,NA,Aufstand,ugomaji,s,mazidio,msingi,kujieleza,sdf,NA,0
56b99,task,flow.Sequence,5_0_0_0_5,NA,NA,completion,11359.5,1557882.7,1557876.2,1557892.8,1569252.3,1569258.2,2024-05-07T08:44:56Z,1569268.8,NA,NA,NA,NA,NA,NA,NA,NA,NA,NA,NA,NA,NA,NA,NA,NA,NA,NA,NA,NA,Aufstand,ugomaji,s,mazidio,msingi,kujieleza,sdf,NA,0
56b99,deep,flow.Sequence,5_0_0_0_6_0,NA,NA,skipped,NA,1569258.2,NA,NA,1569252.3,1569258.3000001,2024-05-07T08:44:56Z,1569268.8,NA,NA,NA,NA,NA,NA,NA,NA,NA,NA,NA,NA,NA,NA,NA,NA,NA,NA,NA,NA,Prüfung,mtihani,s,mkulima,mtizamo,ufumbuzi,sdf,NA,0
56b99,Shallow Question,html.Page,5_0_0_0_6_1_0,mkulima,NA,form submission,5760.7,1569258.3000001,1569252.3,1569268.8,1575029.5,1575029.7,2024-05-07T08:45:02Z,1575032.452,NA,NA,NA,NA,NA,NA,NA,NA,NA,NA,NA,NA,NA,NA,NA,NA,NA,NA,NA,NA,Prüfung,mtihani,s,mkulima,mtizamo,ufumbuzi,NA,NA,0
56b99,"""Richtig""-Screen",canvas.Screen,5_0_0_0_6_1_1,NA,NA,skipped,NA,1575032.6,NA,NA,1575029.5,1575032.7,2024-05-07T08:45:02Z,1575032.452,NA,NA,NA,NA,NA,NA,NA,NA,NA,NA,NA,NA,NA,NA,NA,NA,NA,NA,NA,NA,Prüfung,mtihani,s,mkulima,mtizamo,ufumbuzi,sdf,NA,0
56b99,"""Falsch""-Screen",canvas.Screen,5_0_0_0_6_1_2,NA,NA,timeout,4996.348,1575033.4,1575032.452,1575032.452,1580012.6,1580013.4,2024-05-07T08:45:07Z,1580028.8,NA,NA,NA,NA,NA,NA,NA,NA,NA,NA,NA,NA,NA,NA,NA,NA,NA,NA,NA,NA,Prüfung,mtihani,s,mkulima,mtizamo,ufumbuzi,sdf,0,0
56b99,shallow,flow.Sequence,5_0_0_0_6_1,NA,NA,completion,10743.8,1569258.3000001,1569252.3,1569268.8,1580012.6,1580013.9,2024-05-07T08:45:07Z,1580028.8,NA,NA,NA,NA,NA,NA,NA,NA,NA,NA,NA,NA,NA,NA,NA,NA,NA,NA,NA,NA,Prüfung,mtihani,s,mkulima,mtizamo,ufumbuzi,sdf,NA,0
56b99,task,flow.Sequence,5_0_0_0_6,NA,NA,completion,10743.8,1569258.2,1569252.3,1569268.8,1580012.6,1580014,2024-05-07T08:45:07Z,1580028.8,NA,NA,NA,NA,NA,NA,NA,NA,NA,NA,NA,NA,NA,NA,NA,NA,NA,NA,NA,NA,Prüfung,mtihani,s,mkulima,mtizamo,ufumbuzi,sdf,NA,0
56b99,Deep Question,html.Page,5_0_0_0_7_0_0,ghj,NA,form submission,5316.2,1580014.2,1580012.6,1580028.8,1585345,1585345.2,2024-05-07T08:45:13Z,1585376.1,NA,NA,NA,NA,NA,NA,NA,NA,NA,NA,NA,NA,NA,NA,NA,NA,NA,NA,NA,NA,Verzögerung,kuchelewa,d,NA,NA,NA,NA,NA,0
56b99,"""Richtig""-Screen",canvas.Screen,5_0_0_0_7_0_1,NA,NA,skipped,NA,1585346.6,NA,NA,1585345,1585346.6,2024-05-07T08:45:13Z,1585376.1,NA,NA,NA,NA,NA,NA,NA,NA,NA,NA,NA,NA,NA,NA,NA,NA,NA,NA,NA,NA,Verzögerung,kuchelewa,d,NA,NA,NA,sdf,NA,0
56b99,"""Falsch""-Screen",canvas.Screen,5_0_0_0_7_0_2,NA,NA,timeout,4997,1585347.1,1585359.432,1585376.1,1590356.2,1590357.1,2024-05-07T08:45:18Z,1590373.1,NA,NA,NA,NA,NA,NA,NA,NA,NA,NA,NA,NA,NA,NA,NA,NA,NA,NA,NA,NA,Verzögerung,kuchelewa,d,NA,NA,NA,sdf,0,0
56b99,deep,flow.Sequence,5_0_0_0_7_0,NA,NA,completion,10327.4,1580014.1,1580012.6,1580028.8,1590356.2,1590357.5,2024-05-07T08:45:18Z,1590373.1,NA,NA,NA,NA,NA,NA,NA,NA,NA,NA,NA,NA,NA,NA,NA,NA,NA,NA,NA,NA,Verzögerung,kuchelewa,d,NA,NA,NA,sdf,NA,0
56b99,shallow,flow.Sequence,5_0_0_0_7_1,NA,NA,skipped,NA,1590357.7,NA,NA,1590356.2,1590357.8000001,2024-05-07T08:45:18Z,1590373.1,NA,NA,NA,NA,NA,NA,NA,NA,NA,NA,NA,NA,NA,NA,NA,NA,NA,NA,NA,NA,Verzögerung,kuchelewa,d,NA,NA,NA,sdf,NA,0
56b99,task,flow.Sequence,5_0_0_0_7,NA,NA,completion,10327.4,1580014.1,1580012.6,1580028.8,1590356.2,1590358,2024-05-07T08:45:18Z,1590373.1,NA,NA,NA,NA,NA,NA,NA,NA,NA,NA,NA,NA,NA,NA,NA,NA,NA,NA,NA,NA,Verzögerung,kuchelewa,d,NA,NA,NA,sdf,NA,0
56b99,block,flow.Loop,5_0_0_0,NA,NA,completion,93609.7,1496733.6,1496729.232,1496746.5,1590356.2,1590358.2,2024-05-07T08:45:18Z,1590373.1,NA,NA,NA,NA,NA,NA,NA,NA,NA,NA,NA,NA,NA,NA,NA,NA,NA,NA,NA,NA,NA,NA,NA,NA,NA,NA,sdf,NA,0
56b99,weiter,canvas.Screen,5_0_0_1,sdf,keypress(Space),response,1402.2000000714,1590358.3000001,1590356.2,1590373.1,1591775.3000001,1591776.4,2024-05-07T08:45:19Z,1591788.848,NA,NA,NA,NA,NA,NA,NA,NA,NA,NA,NA,NA,NA,NA,NA,NA,NA,NA,NA,NA,NA,NA,NA,NA,NA,NA,sdf,NA,0
56b99,check continue,flow.Sequence,5_0_0,NA,NA,completion,95028.800000072,1496733.6,1496729.232,1496746.5,1591775.3000001,1591776.9,2024-05-07T08:45:19Z,1591788.848,NA,NA,NA,NA,NA,NA,NA,NA,NA,NA,NA,NA,NA,NA,NA,NA,NA,NA,NA,NA,NA,NA,NA,NA,NA,NA,sdf,NA,0
56b99,Deep Question,html.Page,5_0_1_0_0_0_0,sdf,NA,form submission,5528.5519999762,1591794.5,1591788.848,1591788.848,1597317.4,1597317.8000001,2024-05-07T08:45:25Z,1597318.898,NA,NA,NA,NA,NA,NA,NA,NA,NA,NA,NA,NA,NA,NA,NA,NA,NA,NA,NA,NA,Verzögerung,kuchelewa,d,NA,NA,NA,NA,NA,1
56b99,"""Richtig""-Screen",canvas.Screen,5_0_1_0_0_0_1,NA,NA,skipped,NA,1597319.2,NA,NA,1597317.4,1597319.3000001,2024-05-07T08:45:25Z,1597318.898,NA,NA,NA,NA,NA,NA,NA,NA,NA,NA,NA,NA,NA,NA,NA,NA,NA,NA,NA,NA,Verzögerung,kuchelewa,d,NA,NA,NA,sdfdsf,NA,1
56b99,"""Falsch""-Screen",canvas.Screen,5_0_1_0_0_0_2,NA,NA,timeout,4996.8019999999,1597319.7,1597318.898,1597318.898,1602298.7,1602299.5,2024-05-07T08:45:30Z,1602315.7,NA,NA,NA,NA,NA,NA,NA,NA,NA,NA,NA,NA,NA,NA,NA,NA,NA,NA,NA,NA,Verzögerung,kuchelewa,d,NA,NA,NA,sdfdsf,0,1
56b99,deep,flow.Sequence,5_0_1_0_0_0,NA,NA,completion,10509.852,1591794.4,1591788.848,1591788.848,1602298.7,1602299.9,2024-05-07T08:45:30Z,1602315.7,NA,NA,NA,NA,NA,NA,NA,NA,NA,NA,NA,NA,NA,NA,NA,NA,NA,NA,NA,NA,Verzögerung,kuchelewa,d,NA,NA,NA,sdfdsf,NA,1
56b99,shallow,flow.Sequence,5_0_1_0_0_1,NA,NA,skipped,NA,1602300,NA,NA,1602298.7,1602300.1,2024-05-07T08:45:30Z,1602315.7,NA,NA,NA,NA,NA,NA,NA,NA,NA,NA,NA,NA,NA,NA,NA,NA,NA,NA,NA,NA,Verzögerung,kuchelewa,d,NA,NA,NA,sdfdsf,NA,1
56b99,task,flow.Sequence,5_0_1_0_0,NA,NA,completion,10509.852,1591794.4,1591788.848,1591788.848,1602298.7,1602300.2,2024-05-07T08:45:30Z,1602315.7,NA,NA,NA,NA,NA,NA,NA,NA,NA,NA,NA,NA,NA,NA,NA,NA,NA,NA,NA,NA,Verzögerung,kuchelewa,d,NA,NA,NA,sdfdsf,NA,1
56b99,deep,flow.Sequence,5_0_1_0_1_0,NA,NA,skipped,NA,1602300.4,NA,NA,1602298.7,1602300.4,2024-05-07T08:45:30Z,1602315.7,NA,NA,NA,NA,NA,NA,NA,NA,NA,NA,NA,NA,NA,NA,NA,NA,NA,NA,NA,NA,Prüfung,mtihani,s,mkulima,mtizamo,ufumbuzi,sdfdsf,NA,1
56b99,Shallow Question,html.Page,5_0_1_0_1_1_0,mtihani,NA,form submission,6263.8,1602300.5,1602298.7,1602315.7,1608579.5,1608579.7,2024-05-07T08:45:36Z,1608594.6,NA,NA,NA,NA,NA,NA,NA,NA,NA,NA,NA,NA,NA,NA,NA,NA,NA,NA,NA,NA,Prüfung,mtihani,s,mkulima,mtizamo,ufumbuzi,NA,NA,1
56b99,"""Richtig""-Screen",canvas.Screen,5_0_1_0_1_1_1,NA,NA,timeout,4997.5,1608582.8000001,1608578.506,1608594.6,1613575.1,1613576.3000001,2024-05-07T08:45:41Z,1613592.1,NA,NA,NA,NA,NA,NA,NA,NA,NA,NA,NA,NA,NA,NA,NA,NA,NA,NA,NA,NA,Prüfung,mtihani,s,mkulima,mtizamo,ufumbuzi,sdfdsf,1,1
56b99,"""Falsch""-Screen",canvas.Screen,5_0_1_0_1_1_2,NA,NA,skipped,NA,1613581.3000001,NA,NA,1613575.1,1613581.4,2024-05-07T08:45:41Z,1613592.1,NA,NA,NA,NA,NA,NA,NA,NA,NA,NA,NA,NA,NA,NA,NA,NA,NA,NA,NA,NA,Prüfung,mtihani,s,mkulima,mtizamo,ufumbuzi,sdfdsf,NA,1
56b99,shallow,flow.Sequence,5_0_1_0_1_1,NA,NA,completion,11259.4,1602300.4,1602298.7,1602315.7,1613575.1,1613581.5,2024-05-07T08:45:41Z,1613592.1,NA,NA,NA,NA,NA,NA,NA,NA,NA,NA,NA,NA,NA,NA,NA,NA,NA,NA,NA,NA,Prüfung,mtihani,s,mkulima,mtizamo,ufumbuzi,sdfdsf,NA,1
56b99,task,flow.Sequence,5_0_1_0_1,NA,NA,completion,11259.4,1602300.3000001,1602298.7,1602315.7,1613575.1,1613581.5,2024-05-07T08:45:41Z,1613592.1,NA,NA,NA,NA,NA,NA,NA,NA,NA,NA,NA,NA,NA,NA,NA,NA,NA,NA,NA,NA,Prüfung,mtihani,s,mkulima,mtizamo,ufumbuzi,sdfdsf,NA,1
56b99,Deep Question,html.Page,5_0_1_0_2_0_0,dfg,NA,form submission,5738.2000000714,1613581.6,1613575.1,1613592.1,1619330.3000001,1619330.5,2024-05-07T08:45:47Z,1619338.4,NA,NA,NA,NA,NA,NA,NA,NA,NA,NA,NA,NA,NA,NA,NA,NA,NA,NA,NA,NA,Sympathie,mapendano,d,NA,NA,NA,NA,NA,1
56b99,"""Richtig""-Screen",canvas.Screen,5_0_1_0_2_0_1,NA,NA,skipped,NA,1619333.3000001,NA,NA,1619330.3000001,1619333.5,2024-05-07T08:45:47Z,1619338.4,NA,NA,NA,NA,NA,NA,NA,NA,NA,NA,NA,NA,NA,NA,NA,NA,NA,NA,NA,NA,Sympathie,mapendano,d,NA,NA,NA,sdfdsf,NA,1
56b99,"""Falsch""-Screen",canvas.Screen,5_0_1_0_2_0_2,NA,NA,timeout,4997.3,1619334.2,1619322.158,1619338.4,1624318.5,1624320.2,2024-05-07T08:45:52Z,1624335.7,NA,NA,NA,NA,NA,NA,NA,NA,NA,NA,NA,NA,NA,NA,NA,NA,NA,NA,NA,NA,Sympathie,mapendano,d,NA,NA,NA,sdfdsf,0,1
56b99,deep,flow.Sequence,5_0_1_0_2_0,NA,NA,completion,10726.4,1613581.6,1613575.1,1613592.1,1624318.5,1624320.3000001,2024-05-07T08:45:52Z,1624335.7,NA,NA,NA,NA,NA,NA,NA,NA,NA,NA,NA,NA,NA,NA,NA,NA,NA,NA,NA,NA,Sympathie,mapendano,d,NA,NA,NA,sdfdsf,NA,1
56b99,shallow,flow.Sequence,5_0_1_0_2_1,NA,NA,skipped,NA,1624320.3000001,NA,NA,1624318.5,1624320.3000001,2024-05-07T08:45:52Z,1624335.7,NA,NA,NA,NA,NA,NA,NA,NA,NA,NA,NA,NA,NA,NA,NA,NA,NA,NA,NA,NA,Sympathie,mapendano,d,NA,NA,NA,sdfdsf,NA,1
56b99,task,flow.Sequence,5_0_1_0_2,NA,NA,completion,10726.4,1613581.6,1613575.1,1613592.1,1624318.5,1624320.4,2024-05-07T08:45:52Z,1624335.7,NA,NA,NA,NA,NA,NA,NA,NA,NA,NA,NA,NA,NA,NA,NA,NA,NA,NA,NA,NA,Sympathie,mapendano,d,NA,NA,NA,sdfdsf,NA,1
56b99,Deep Question,html.Page,5_0_1_0_3_0_0,fjld,NA,form submission,5440.1999999762,1624320.5,1624318.5,1624335.7,1629775.9,1629776.1,2024-05-07T08:45:57Z,1629781.8,NA,NA,NA,NA,NA,NA,NA,NA,NA,NA,NA,NA,NA,NA,NA,NA,NA,NA,NA,NA,Kultur,utamaduni,d,NA,NA,NA,NA,NA,1
56b99,"""Richtig""-Screen",canvas.Screen,5_0_1_0_3_0_1,NA,NA,skipped,NA,1629779.1,NA,NA,1629775.9,1629779.2,2024-05-07T08:45:57Z,1629781.8,NA,NA,NA,NA,NA,NA,NA,NA,NA,NA,NA,NA,NA,NA,NA,NA,NA,NA,NA,NA,Kultur,utamaduni,d,NA,NA,NA,sdfdsf,NA,1
56b99,"""Falsch""-Screen",canvas.Screen,5_0_1_0_3_0_2,NA,NA,timeout,4996.8999999999,1629779.9,1629765.656,1629781.8,1634762.5,1634763.3000001,2024-05-07T08:46:02Z,1634778.7,NA,NA,NA,NA,NA,NA,NA,NA,NA,NA,NA,NA,NA,NA,NA,NA,NA,NA,NA,NA,Kultur,utamaduni,d,NA,NA,NA,sdfdsf,0,1
56b99,deep,flow.Sequence,5_0_1_0_3_0,NA,NA,completion,10426.8,1624320.5,1624318.5,1624335.7,1634762.5,1634763.7,2024-05-07T08:46:02Z,1634778.7,NA,NA,NA,NA,NA,NA,NA,NA,NA,NA,NA,NA,NA,NA,NA,NA,NA,NA,NA,NA,Kultur,utamaduni,d,NA,NA,NA,sdfdsf,NA,1
56b99,shallow,flow.Sequence,5_0_1_0_3_1,NA,NA,skipped,NA,1634763.8000001,NA,NA,1634762.5,1634763.8000001,2024-05-07T08:46:02Z,1634778.7,NA,NA,NA,NA,NA,NA,NA,NA,NA,NA,NA,NA,NA,NA,NA,NA,NA,NA,NA,NA,Kultur,utamaduni,d,NA,NA,NA,sdfdsf,NA,1
56b99,task,flow.Sequence,5_0_1_0_3,NA,NA,completion,10426.8,1624320.5,1624318.5,1624335.7,1634762.5,1634764,2024-05-07T08:46:02Z,1634778.7,NA,NA,NA,NA,NA,NA,NA,NA,NA,NA,NA,NA,NA,NA,NA,NA,NA,NA,NA,NA,Kultur,utamaduni,d,NA,NA,NA,sdfdsf,NA,1
56b99,deep,flow.Sequence,5_0_1_0_4_0,NA,NA,skipped,NA,1634764.1,NA,NA,1634762.5,1634764.3000001,2024-05-07T08:46:02Z,1634778.7,NA,NA,NA,NA,NA,NA,NA,NA,NA,NA,NA,NA,NA,NA,NA,NA,NA,NA,NA,NA,Aufstand,ugomaji,s,mazidio,msingi,kujieleza,sdfdsf,NA,1
56b99,Shallow Question,html.Page,5_0_1_0_4_1_0,mazidio,NA,form submission,6957.8,1634764.4,1634762.5,1634778.7,1641736.5,1641736.8000001,2024-05-07T08:46:09Z,1641757.8,NA,NA,NA,NA,NA,NA,NA,NA,NA,NA,NA,NA,NA,NA,NA,NA,NA,NA,NA,NA,Aufstand,ugomaji,s,mazidio,msingi,kujieleza,NA,NA,1
56b99,"""Richtig""-Screen",canvas.Screen,5_0_1_0_4_1_1,NA,NA,skipped,NA,1641739.9,NA,NA,1641736.5,1641739.9,2024-05-07T08:46:09Z,1641757.8,NA,NA,NA,NA,NA,NA,NA,NA,NA,NA,NA,NA,NA,NA,NA,NA,NA,NA,NA,NA,Aufstand,ugomaji,s,mazidio,msingi,kujieleza,sdfdsf,NA,1
56b99,"""Falsch""-Screen",canvas.Screen,5_0_1_0_4_1_2,NA,NA,timeout,4997.3,1641740.8000001,1641741.664,1641757.8,1646738.2,1646739.5,2024-05-07T08:46:14Z,1646755.1,NA,NA,NA,NA,NA,NA,NA,NA,NA,NA,NA,NA,NA,NA,NA,NA,NA,NA,NA,NA,Aufstand,ugomaji,s,mazidio,msingi,kujieleza,sdfdsf,0,1
56b99,shallow,flow.Sequence,5_0_1_0_4_1,NA,NA,completion,11959.5,1634764.3000001,1634762.5,1634778.7,1646738.2,1646739.9,2024-05-07T08:46:14Z,1646755.1,NA,NA,NA,NA,NA,NA,NA,NA,NA,NA,NA,NA,NA,NA,NA,NA,NA,NA,NA,NA,Aufstand,ugomaji,s,mazidio,msingi,kujieleza,sdfdsf,NA,1
56b99,task,flow.Sequence,5_0_1_0_4,NA,NA,completion,11959.5,1634764.1,1634762.5,1634778.7,1646738.2,1646740.1,2024-05-07T08:46:14Z,1646755.1,NA,NA,NA,NA,NA,NA,NA,NA,NA,NA,NA,NA,NA,NA,NA,NA,NA,NA,NA,NA,Aufstand,ugomaji,s,mazidio,msingi,kujieleza,sdfdsf,NA,1
56b99,Deep Question,html.Page,5_0_1_0_5_0_0,das,NA,form submission,5915.1000000476,1646740.4,1646738.2,1646755.1,1652670.2,1652670.5,2024-05-07T08:46:20Z,1652685,NA,NA,NA,NA,NA,NA,NA,NA,NA,NA,NA,NA,NA,NA,NA,NA,NA,NA,NA,NA,Annäherung,maegesho,d,NA,NA,NA,NA,NA,1
56b99,"""Richtig""-Screen",canvas.Screen,5_0_1_0_5_0_1,NA,NA,skipped,NA,1652672,NA,NA,1652670.2,1652672,2024-05-07T08:46:20Z,1652685,NA,NA,NA,NA,NA,NA,NA,NA,NA,NA,NA,NA,NA,NA,NA,NA,NA,NA,NA,NA,Annäherung,maegesho,d,NA,NA,NA,sdfdsf,NA,1
56b99,"""Falsch""-Screen",canvas.Screen,5_0_1_0_5_0_2,NA,NA,timeout,4996.8,1652672.4,1652668.966,1652685,1657665.2,1657666.2,2024-05-07T08:46:25Z,1657681.8,NA,NA,NA,NA,NA,NA,NA,NA,NA,NA,NA,NA,NA,NA,NA,NA,NA,NA,NA,NA,Annäherung,maegesho,d,NA,NA,NA,sdfdsf,0,1
56b99,deep,flow.Sequence,5_0_1_0_5_0,NA,NA,completion,10910.1,1646740.3000001,1646738.2,1646755.1,1657665.2,1657666.6,2024-05-07T08:46:25Z,1657681.8,NA,NA,NA,NA,NA,NA,NA,NA,NA,NA,NA,NA,NA,NA,NA,NA,NA,NA,NA,NA,Annäherung,maegesho,d,NA,NA,NA,sdfdsf,NA,1
56b99,shallow,flow.Sequence,5_0_1_0_5_1,NA,NA,skipped,NA,1657666.8000001,NA,NA,1657665.2,1657666.9,2024-05-07T08:46:25Z,1657681.8,NA,NA,NA,NA,NA,NA,NA,NA,NA,NA,NA,NA,NA,NA,NA,NA,NA,NA,NA,NA,Annäherung,maegesho,d,NA,NA,NA,sdfdsf,NA,1
56b99,task,flow.Sequence,5_0_1_0_5,NA,NA,completion,10910.1,1646740.2,1646738.2,1646755.1,1657665.2,1657667.1,2024-05-07T08:46:25Z,1657681.8,NA,NA,NA,NA,NA,NA,NA,NA,NA,NA,NA,NA,NA,NA,NA,NA,NA,NA,NA,NA,Annäherung,maegesho,d,NA,NA,NA,sdfdsf,NA,1
56b99,deep,flow.Sequence,5_0_1_0_6_0,NA,NA,skipped,NA,1657667.2,NA,NA,1657665.2,1657667.3000001,2024-05-07T08:46:25Z,1657681.8,NA,NA,NA,NA,NA,NA,NA,NA,NA,NA,NA,NA,NA,NA,NA,NA,NA,NA,NA,NA,Beweis,ushahidi,s,marudio,kizuizi,mtendaji,sdfdsf,NA,1
56b99,Shallow Question,html.Page,5_0_1_0_6_1_0,mtendaji,NA,form submission,12517.800000024,1657667.4,1657665.2,1657681.8,1670199.6,1670199.7,2024-05-07T08:46:37Z,1670224.3,NA,NA,NA,NA,NA,NA,NA,NA,NA,NA,NA,NA,NA,NA,NA,NA,NA,NA,NA,NA,Beweis,ushahidi,s,marudio,kizuizi,mtendaji,NA,NA,1
56b99,"""Richtig""-Screen",canvas.Screen,5_0_1_0_6_1_1,NA,NA,skipped,NA,1670202.8000001,NA,NA,1670199.6,1670202.9,2024-05-07T08:46:37Z,1670224.3,NA,NA,NA,NA,NA,NA,NA,NA,NA,NA,NA,NA,NA,NA,NA,NA,NA,NA,NA,NA,Beweis,ushahidi,s,marudio,kizuizi,mtendaji,sdfdsf,NA,1
56b99,"""Falsch""-Screen",canvas.Screen,5_0_1_0_6_1_2,NA,NA,timeout,4996.7,1670203.6,1670208.166,1670224.3,1675204.6,1675205.5,2024-05-07T08:46:42Z,1675221,NA,NA,NA,NA,NA,NA,NA,NA,NA,NA,NA,NA,NA,NA,NA,NA,NA,NA,NA,NA,Beweis,ushahidi,s,marudio,kizuizi,mtendaji,sdfdsf,0,1
56b99,shallow,flow.Sequence,5_0_1_0_6_1,NA,NA,completion,17522.8,1657667.4,1657665.2,1657681.8,1675204.6,1675205.8000001,2024-05-07T08:46:42Z,1675221,NA,NA,NA,NA,NA,NA,NA,NA,NA,NA,NA,NA,NA,NA,NA,NA,NA,NA,NA,NA,Beweis,ushahidi,s,marudio,kizuizi,mtendaji,sdfdsf,NA,1
56b99,task,flow.Sequence,5_0_1_0_6,NA,NA,completion,17522.8,1657667.2,1657665.2,1657681.8,1675204.6,1675206,2024-05-07T08:46:42Z,1675221,NA,NA,NA,NA,NA,NA,NA,NA,NA,NA,NA,NA,NA,NA,NA,NA,NA,NA,NA,NA,Beweis,ushahidi,s,marudio,kizuizi,mtendaji,sdfdsf,NA,1
56b99,deep,flow.Sequence,5_0_1_0_7_0,NA,NA,skipped,NA,1675206.3000001,NA,NA,1675204.6,1675206.3000001,2024-05-07T08:46:42Z,1675221,NA,NA,NA,NA,NA,NA,NA,NA,NA,NA,NA,NA,NA,NA,NA,NA,NA,NA,NA,NA,Polizist,msongora,s,simanzi,mandhari,nidhamu,sdfdsf,NA,1
56b99,Shallow Question,html.Page,5_0_1_0_7_1_0,msongora,NA,form submission,11381.899999976,1675206.5,1675204.6,1675221,1686602.9,1686603.2,2024-05-07T08:46:54Z,1686613.8,NA,NA,NA,NA,NA,NA,NA,NA,NA,NA,NA,NA,NA,NA,NA,NA,NA,NA,NA,NA,Polizist,msongora,s,simanzi,mandhari,nidhamu,NA,NA,1
56b99,"""Richtig""-Screen",canvas.Screen,5_0_1_0_7_1_1,NA,NA,timeout,4996.8999999999,1686605.2,1686597.4,1686613.8,1691594.4,1691595.6,2024-05-07T08:46:59Z,1691610.7,NA,NA,NA,NA,NA,NA,NA,NA,NA,NA,NA,NA,NA,NA,NA,NA,NA,NA,NA,NA,Polizist,msongora,s,simanzi,mandhari,nidhamu,sdfdsf,1,1
56b99,"""Falsch""-Screen",canvas.Screen,5_0_1_0_7_1_2,NA,NA,skipped,NA,1691600.9,NA,NA,1691594.4,1691601.2,2024-05-07T08:46:59Z,1691610.7,NA,NA,NA,NA,NA,NA,NA,NA,NA,NA,NA,NA,NA,NA,NA,NA,NA,NA,NA,NA,Polizist,msongora,s,simanzi,mandhari,nidhamu,sdfdsf,NA,1
56b99,shallow,flow.Sequence,5_0_1_0_7_1,NA,NA,completion,16373.4,1675206.5,1675204.6,1675221,1691594.4,1691601.4,2024-05-07T08:46:59Z,1691610.7,NA,NA,NA,NA,NA,NA,NA,NA,NA,NA,NA,NA,NA,NA,NA,NA,NA,NA,NA,NA,Polizist,msongora,s,simanzi,mandhari,nidhamu,sdfdsf,NA,1
56b99,task,flow.Sequence,5_0_1_0_7,NA,NA,completion,16373.4,1675206.3000001,1675204.6,1675221,1691594.4,1691601.6,2024-05-07T08:46:59Z,1691610.7,NA,NA,NA,NA,NA,NA,NA,NA,NA,NA,NA,NA,NA,NA,NA,NA,NA,NA,NA,NA,Polizist,msongora,s,simanzi,mandhari,nidhamu,sdfdsf,NA,1
56b99,block,flow.Loop,5_0_1_0,NA,NA,completion,99805.552,1591794.4,1591788.848,1591788.848,1691594.4,1691601.8000001,2024-05-07T08:46:59Z,1691610.7,NA,NA,NA,NA,NA,NA,NA,NA,NA,NA,NA,NA,NA,NA,NA,NA,NA,NA,NA,NA,NA,NA,NA,NA,NA,NA,sdfdsf,NA,1
56b99,weiter,canvas.Screen,5_0_1_1,sdf,keypress(Space),response,1699.8,1691601.9,1691594.4,1691610.7,1693310.5,1693311.5,2024-05-07T08:47:01Z,1693327.026,NA,NA,NA,NA,NA,NA,NA,NA,NA,NA,NA,NA,NA,NA,NA,NA,NA,NA,NA,NA,NA,NA,NA,NA,NA,NA,sdfdsf,NA,1
56b99,check continue,flow.Sequence,5_0_1,NA,NA,completion,101521.652,1591794.4,1591788.848,1591788.848,1693310.5,1693311.7,2024-05-07T08:47:01Z,1693327.026,NA,NA,NA,NA,NA,NA,NA,NA,NA,NA,NA,NA,NA,NA,NA,NA,NA,NA,NA,NA,NA,NA,NA,NA,NA,NA,sdfdsf,NA,1
56b99,Deep Question,html.Page,5_0_2_0_0_0_0,ms,NA,form submission,8955.4739999999,1693329.2,1693327.026,1693327.026,1702282.5,1702282.7,2024-05-07T08:47:09Z,1702304.2,NA,NA,NA,NA,NA,NA,NA,NA,NA,NA,NA,NA,NA,NA,NA,NA,NA,NA,NA,NA,Sympathie,mapendano,d,NA,NA,NA,NA,NA,2
56b99,"""Richtig""-Screen",canvas.Screen,5_0_2_0_0_0_1,NA,NA,skipped,NA,1702284.1,NA,NA,1702282.5,1702284.2,2024-05-07T08:47:09Z,1702304.2,NA,NA,NA,NA,NA,NA,NA,NA,NA,NA,NA,NA,NA,NA,NA,NA,NA,NA,NA,NA,Sympathie,mapendano,d,NA,NA,NA,sdf,NA,2
56b99,"""Falsch""-Screen",canvas.Screen,5_0_2_0_0_0_2,NA,NA,timeout,4997.4000000001,1702284.5,1702288.19,1702304.2,1707284.7,1707285.7,2024-05-07T08:47:14Z,1707301.6,NA,NA,NA,NA,NA,NA,NA,NA,NA,NA,NA,NA,NA,NA,NA,NA,NA,NA,NA,NA,Sympathie,mapendano,d,NA,NA,NA,sdf,0,2
56b99,deep,flow.Sequence,5_0_2_0_0_0,NA,NA,completion,13957.674,1693329.2,1693327.026,1693327.026,1707284.7,1707286.1,2024-05-07T08:47:14Z,1707301.6,NA,NA,NA,NA,NA,NA,NA,NA,NA,NA,NA,NA,NA,NA,NA,NA,NA,NA,NA,NA,Sympathie,mapendano,d,NA,NA,NA,sdf,NA,2
56b99,shallow,flow.Sequence,5_0_2_0_0_1,NA,NA,skipped,NA,1707286.2,NA,NA,1707284.7,1707286.3000001,2024-05-07T08:47:14Z,1707301.6,NA,NA,NA,NA,NA,NA,NA,NA,NA,NA,NA,NA,NA,NA,NA,NA,NA,NA,NA,NA,Sympathie,mapendano,d,NA,NA,NA,sdf,NA,2
56b99,task,flow.Sequence,5_0_2_0_0,NA,NA,completion,13957.674,1693329.2,1693327.026,1693327.026,1707284.7,1707286.5,2024-05-07T08:47:14Z,1707301.6,NA,NA,NA,NA,NA,NA,NA,NA,NA,NA,NA,NA,NA,NA,NA,NA,NA,NA,NA,NA,Sympathie,mapendano,d,NA,NA,NA,sdf,NA,2
56b99,deep,flow.Sequence,5_0_2_0_1_0,NA,NA,skipped,NA,1707286.6,NA,NA,1707284.7,1707286.8000001,2024-05-07T08:47:14Z,1707301.6,NA,NA,NA,NA,NA,NA,NA,NA,NA,NA,NA,NA,NA,NA,NA,NA,NA,NA,NA,NA,Prüfung,mtihani,s,mkulima,mtizamo,ufumbuzi,sdf,NA,2
56b99,Shallow Question,html.Page,5_0_2_0_1_1_0,mtihani,NA,form submission,9340.2999999761,1707286.9,1707284.7,1707301.6,1716641.9,1716642,2024-05-07T08:47:24Z,1716645.994,NA,NA,NA,NA,NA,NA,NA,NA,NA,NA,NA,NA,NA,NA,NA,NA,NA,NA,NA,NA,Prüfung,mtihani,s,mkulima,mtizamo,ufumbuzi,NA,NA,2
56b99,"""Richtig""-Screen",canvas.Screen,5_0_2_0_1_1_1,NA,NA,timeout,4996.906,1716645.4,1716645.994,1716645.994,1721626.3,1721627.3000001,2024-05-07T08:47:29Z,1721642.9,NA,NA,NA,NA,NA,NA,NA,NA,NA,NA,NA,NA,NA,NA,NA,NA,NA,NA,NA,NA,Prüfung,mtihani,s,mkulima,mtizamo,ufumbuzi,sdf,1,2
56b99,"""Falsch""-Screen",canvas.Screen,5_0_2_0_1_1_2,NA,NA,skipped,NA,1721632.5,NA,NA,1721626.3,1721632.5,2024-05-07T08:47:29Z,1721642.9,NA,NA,NA,NA,NA,NA,NA,NA,NA,NA,NA,NA,NA,NA,NA,NA,NA,NA,NA,NA,Prüfung,mtihani,s,mkulima,mtizamo,ufumbuzi,sdf,NA,2
56b99,shallow,flow.Sequence,5_0_2_0_1_1,NA,NA,completion,14324.7,1707286.9,1707284.7,1707301.6,1721626.3,1721632.6,2024-05-07T08:47:29Z,1721642.9,NA,NA,NA,NA,NA,NA,NA,NA,NA,NA,NA,NA,NA,NA,NA,NA,NA,NA,NA,NA,Prüfung,mtihani,s,mkulima,mtizamo,ufumbuzi,sdf,NA,2
56b99,task,flow.Sequence,5_0_2_0_1,NA,NA,completion,14324.7,1707286.6,1707284.7,1707301.6,1721626.3,1721632.6,2024-05-07T08:47:29Z,1721642.9,NA,NA,NA,NA,NA,NA,NA,NA,NA,NA,NA,NA,NA,NA,NA,NA,NA,NA,NA,NA,Prüfung,mtihani,s,mkulima,mtizamo,ufumbuzi,sdf,NA,2
56b99,deep,flow.Sequence,5_0_2_0_2_0,NA,NA,skipped,NA,1721632.7,NA,NA,1721626.3,1721632.7,2024-05-07T08:47:29Z,1721642.9,NA,NA,NA,NA,NA,NA,NA,NA,NA,NA,NA,NA,NA,NA,NA,NA,NA,NA,NA,NA,Polizist,msongora,s,simanzi,mandhari,nidhamu,sdf,NA,2
56b99,Shallow Question,html.Page,5_0_2_0_2_1_0,mandhari,NA,form submission,9447.9000000716,1721632.8000001,1721626.3,1721642.9,1731090.8000001,1731091,2024-05-07T08:47:38Z,1731103.2,NA,NA,NA,NA,NA,NA,NA,NA,NA,NA,NA,NA,NA,NA,NA,NA,NA,NA,NA,NA,Polizist,msongora,s,simanzi,mandhari,nidhamu,NA,NA,2
56b99,"""Richtig""-Screen",canvas.Screen,5_0_2_0_2_1_1,NA,NA,skipped,NA,1731092.4,NA,NA,1731090.8000001,1731092.4,2024-05-07T08:47:38Z,1731103.2,NA,NA,NA,NA,NA,NA,NA,NA,NA,NA,NA,NA,NA,NA,NA,NA,NA,NA,NA,NA,Polizist,msongora,s,simanzi,mandhari,nidhamu,sdf,NA,2
56b99,"""Falsch""-Screen",canvas.Screen,5_0_2_0_2_1_2,NA,NA,timeout,4997.1000000001,1731092.9,1731087,1731103.2,1736083.9,1736085.1,2024-05-07T08:47:43Z,1736100.3,NA,NA,NA,NA,NA,NA,NA,NA,NA,NA,NA,NA,NA,NA,NA,NA,NA,NA,NA,NA,Polizist,msongora,s,simanzi,mandhari,nidhamu,sdf,0,2
56b99,shallow,flow.Sequence,5_0_2_0_2_1,NA,NA,completion,14441,1721632.7,1721626.3,1721642.9,1736083.9,1736085.5,2024-05-07T08:47:43Z,1736100.3,NA,NA,NA,NA,NA,NA,NA,NA,NA,NA,NA,NA,NA,NA,NA,NA,NA,NA,NA,NA,Polizist,msongora,s,simanzi,mandhari,nidhamu,sdf,NA,2
56b99,task,flow.Sequence,5_0_2_0_2,NA,NA,completion,14441,1721632.7,1721626.3,1721642.9,1736083.9,1736085.7,2024-05-07T08:47:43Z,1736100.3,NA,NA,NA,NA,NA,NA,NA,NA,NA,NA,NA,NA,NA,NA,NA,NA,NA,NA,NA,NA,Polizist,msongora,s,simanzi,mandhari,nidhamu,sdf,NA,2
56b99,deep,flow.Sequence,5_0_2_0_3_0,NA,NA,skipped,NA,1736085.9,NA,NA,1736083.9,1736085.9,2024-05-07T08:47:43Z,1736100.3,NA,NA,NA,NA,NA,NA,NA,NA,NA,NA,NA,NA,NA,NA,NA,NA,NA,NA,NA,NA,Aufstand,ugomaji,s,mazidio,msingi,kujieleza,sdf,NA,2
56b99,Shallow Question,html.Page,5_0_2_0_3_1_0,ugomaji,NA,form submission,7179.9000000476,1736086.1,1736083.9,1736100.3,1743280.2,1743280.3000001,2024-05-07T08:47:50Z,1743312.9,NA,NA,NA,NA,NA,NA,NA,NA,NA,NA,NA,NA,NA,NA,NA,NA,NA,NA,NA,NA,Aufstand,ugomaji,s,mazidio,msingi,kujieleza,NA,NA,2
56b99,"""Richtig""-Screen",canvas.Screen,5_0_2_0_3_1_1,NA,NA,timeout,4996.6000000001,1743283.4,1743296.484,1743312.9,1748293.1,1748294.5,2024-05-07T08:47:55Z,1748309.5,NA,NA,NA,NA,NA,NA,NA,NA,NA,NA,NA,NA,NA,NA,NA,NA,NA,NA,NA,NA,Aufstand,ugomaji,s,mazidio,msingi,kujieleza,sdf,1,2
56b99,"""Falsch""-Screen",canvas.Screen,5_0_2_0_3_1_2,NA,NA,skipped,NA,1748299.8000001,NA,NA,1748293.1,1748300,2024-05-07T08:47:56Z,1748309.5,NA,NA,NA,NA,NA,NA,NA,NA,NA,NA,NA,NA,NA,NA,NA,NA,NA,NA,NA,NA,Aufstand,ugomaji,s,mazidio,msingi,kujieleza,sdf,NA,2
56b99,shallow,flow.Sequence,5_0_2_0_3_1,NA,NA,completion,12192.8,1736086.1,1736083.9,1736100.3,1748293.1,1748300.2,2024-05-07T08:47:56Z,1748309.5,NA,NA,NA,NA,NA,NA,NA,NA,NA,NA,NA,NA,NA,NA,NA,NA,NA,NA,NA,NA,Aufstand,ugomaji,s,mazidio,msingi,kujieleza,sdf,NA,2
56b99,task,flow.Sequence,5_0_2_0_3,NA,NA,completion,12192.8,1736085.8000001,1736083.9,1736100.3,1748293.1,1748300.4,2024-05-07T08:47:56Z,1748309.5,NA,NA,NA,NA,NA,NA,NA,NA,NA,NA,NA,NA,NA,NA,NA,NA,NA,NA,NA,NA,Aufstand,ugomaji,s,mazidio,msingi,kujieleza,sdf,NA,2
56b99,deep,flow.Sequence,5_0_2_0_4_0,NA,NA,skipped,NA,1748300.5,NA,NA,1748293.1,1748300.6,2024-05-07T08:47:56Z,1748309.5,NA,NA,NA,NA,NA,NA,NA,NA,NA,NA,NA,NA,NA,NA,NA,NA,NA,NA,NA,NA,Beweis,ushahidi,s,marudio,kizuizi,mtendaji,sdf,NA,2
56b99,Shallow Question,html.Page,5_0_2_0_4_1_0,ushahidi,NA,form submission,5060,1748300.8000001,1748293.1,1748309.5,1753369.5,1753369.7,2024-05-07T08:48:01Z,1753389.7,NA,NA,NA,NA,NA,NA,NA,NA,NA,NA,NA,NA,NA,NA,NA,NA,NA,NA,NA,NA,Beweis,ushahidi,s,marudio,kizuizi,mtendaji,NA,NA,2
56b99,"""Richtig""-Screen",canvas.Screen,5_0_2_0_4_1_1,NA,NA,timeout,4997.4000000001,1753372.5,1753373.1,1753389.7,1758370.3,1758371.2,2024-05-07T08:48:06Z,1758387.1,NA,NA,NA,NA,NA,NA,NA,NA,NA,NA,NA,NA,NA,NA,NA,NA,NA,NA,NA,NA,Beweis,ushahidi,s,marudio,kizuizi,mtendaji,sdf,1,2
56b99,"""Falsch""-Screen",canvas.Screen,5_0_2_0_4_1_2,NA,NA,skipped,NA,1758376.5,NA,NA,1758370.3,1758376.6,2024-05-07T08:48:06Z,1758387.1,NA,NA,NA,NA,NA,NA,NA,NA,NA,NA,NA,NA,NA,NA,NA,NA,NA,NA,NA,NA,Beweis,ushahidi,s,marudio,kizuizi,mtendaji,sdf,NA,2
56b99,shallow,flow.Sequence,5_0_2_0_4_1,NA,NA,completion,10060.8,1748300.8000001,1748293.1,1748309.5,1758370.3,1758376.8000001,2024-05-07T08:48:06Z,1758387.1,NA,NA,NA,NA,NA,NA,NA,NA,NA,NA,NA,NA,NA,NA,NA,NA,NA,NA,NA,NA,Beweis,ushahidi,s,marudio,kizuizi,mtendaji,sdf,NA,2
56b99,task,flow.Sequence,5_0_2_0_4,NA,NA,completion,10060.8,1748300.5,1748293.1,1748309.5,1758370.3,1758376.8000001,2024-05-07T08:48:06Z,1758387.1,NA,NA,NA,NA,NA,NA,NA,NA,NA,NA,NA,NA,NA,NA,NA,NA,NA,NA,NA,NA,Beweis,ushahidi,s,marudio,kizuizi,mtendaji,sdf,NA,2
56b99,Deep Question,html.Page,5_0_2_0_5_0_0,jk,NA,form submission,6032.5000000237,1758376.9,1758370.3,1758387.1,1764419.6,1764419.8000001,2024-05-07T08:48:12Z,1764432.9,NA,NA,NA,NA,NA,NA,NA,NA,NA,NA,NA,NA,NA,NA,NA,NA,NA,NA,NA,NA,Kultur,utamaduni,d,NA,NA,NA,NA,NA,2
56b99,"""Richtig""-Screen",canvas.Screen,5_0_2_0_5_0_1,NA,NA,skipped,NA,1764422.5,NA,NA,1764419.6,1764422.7,2024-05-07T08:48:12Z,1764432.9,NA,NA,NA,NA,NA,NA,NA,NA,NA,NA,NA,NA,NA,NA,NA,NA,NA,NA,NA,NA,Kultur,utamaduni,d,NA,NA,NA,sdf,NA,2
56b99,"""Falsch""-Screen",canvas.Screen,5_0_2_0_5_0_2,NA,NA,timeout,4997.3,1764423.6,1764417,1764432.9,1769413.6,1769416,2024-05-07T08:48:17Z,1769430.2,NA,NA,NA,NA,NA,NA,NA,NA,NA,NA,NA,NA,NA,NA,NA,NA,NA,NA,NA,NA,Kultur,utamaduni,d,NA,NA,NA,sdf,0,2
56b99,deep,flow.Sequence,5_0_2_0_5_0,NA,NA,completion,11026.5,1758376.9,1758370.3,1758387.1,1769413.6,1769416.2,2024-05-07T08:48:17Z,1769430.2,NA,NA,NA,NA,NA,NA,NA,NA,NA,NA,NA,NA,NA,NA,NA,NA,NA,NA,NA,NA,Kultur,utamaduni,d,NA,NA,NA,sdf,NA,2
56b99,shallow,flow.Sequence,5_0_2_0_5_1,NA,NA,skipped,NA,1769416.3000001,NA,NA,1769413.6,1769416.4,2024-05-07T08:48:17Z,1769430.2,NA,NA,NA,NA,NA,NA,NA,NA,NA,NA,NA,NA,NA,NA,NA,NA,NA,NA,NA,NA,Kultur,utamaduni,d,NA,NA,NA,sdf,NA,2
56b99,task,flow.Sequence,5_0_2_0_5,NA,NA,completion,11026.5,1758376.9,1758370.3,1758387.1,1769413.6,1769416.5,2024-05-07T08:48:17Z,1769430.2,NA,NA,NA,NA,NA,NA,NA,NA,NA,NA,NA,NA,NA,NA,NA,NA,NA,NA,NA,NA,Kultur,utamaduni,d,NA,NA,NA,sdf,NA,2
56b99,Deep Question,html.Page,5_0_2_0_6_0_0,asd,NA,form submission,4839.6000000716,1769416.5,1769413.6,1769430.2,1774269.8000001,1774270,2024-05-07T08:48:21Z,1774294,NA,NA,NA,NA,NA,NA,NA,NA,NA,NA,NA,NA,NA,NA,NA,NA,NA,NA,NA,NA,Annäherung,maegesho,d,NA,NA,NA,NA,NA,2
56b99,"""Richtig""-Screen",canvas.Screen,5_0_2_0_6_0_1,NA,NA,skipped,NA,1774273.1,NA,NA,1774269.8000001,1774273.2,2024-05-07T08:48:21Z,1774294,NA,NA,NA,NA,NA,NA,NA,NA,NA,NA,NA,NA,NA,NA,NA,NA,NA,NA,NA,NA,Annäherung,maegesho,d,NA,NA,NA,sdf,NA,2
56b99,"""Falsch""-Screen",canvas.Screen,5_0_2_0_6_0_2,NA,NA,timeout,4996.8999999999,1774273.9,1774277.49,1774294,1779274.1,1779275.1,2024-05-07T08:48:26Z,1779290.9,NA,NA,NA,NA,NA,NA,NA,NA,NA,NA,NA,NA,NA,NA,NA,NA,NA,NA,NA,NA,Annäherung,maegesho,d,NA,NA,NA,sdf,0,2
56b99,deep,flow.Sequence,5_0_2_0_6_0,NA,NA,completion,9843.9000000001,1769416.5,1769413.6,1769430.2,1779274.1,1779275.4,2024-05-07T08:48:26Z,1779290.9,NA,NA,NA,NA,NA,NA,NA,NA,NA,NA,NA,NA,NA,NA,NA,NA,NA,NA,NA,NA,Annäherung,maegesho,d,NA,NA,NA,sdf,NA,2
56b99,shallow,flow.Sequence,5_0_2_0_6_1,NA,NA,skipped,NA,1779275.6,NA,NA,1779274.1,1779275.7,2024-05-07T08:48:26Z,1779290.9,NA,NA,NA,NA,NA,NA,NA,NA,NA,NA,NA,NA,NA,NA,NA,NA,NA,NA,NA,NA,Annäherung,maegesho,d,NA,NA,NA,sdf,NA,2
56b99,task,flow.Sequence,5_0_2_0_6,NA,NA,completion,9843.9000000001,1769416.5,1769413.6,1769430.2,1779274.1,1779275.9,2024-05-07T08:48:26Z,1779290.9,NA,NA,NA,NA,NA,NA,NA,NA,NA,NA,NA,NA,NA,NA,NA,NA,NA,NA,NA,NA,Annäherung,maegesho,d,NA,NA,NA,sdf,NA,2
56b99,Deep Question,html.Page,5_0_2_0_7_0_0,dfg,NA,form submission,6297.8000000478,1779276.1,1779274.1,1779290.9,1785588.7,1785588.9,2024-05-07T08:48:33Z,1785620.3,NA,NA,NA,NA,NA,NA,NA,NA,NA,NA,NA,NA,NA,NA,NA,NA,NA,NA,NA,NA,Verzögerung,kuchelewa,d,NA,NA,NA,NA,NA,2
56b99,"""Richtig""-Screen",canvas.Screen,5_0_2_0_7_0_1,NA,NA,skipped,NA,1785592,NA,NA,1785588.7,1785592,2024-05-07T08:48:33Z,1785620.3,NA,NA,NA,NA,NA,NA,NA,NA,NA,NA,NA,NA,NA,NA,NA,NA,NA,NA,NA,NA,Verzögerung,kuchelewa,d,NA,NA,NA,sdf,NA,2
56b99,"""Falsch""-Screen",canvas.Screen,5_0_2_0_7_0_2,NA,NA,timeout,4997.0999999999,1785592.8000001,1785603.7,1785620.3,1790600.6,1790601.5,2024-05-07T08:48:38Z,1790617.4,NA,NA,NA,NA,NA,NA,NA,NA,NA,NA,NA,NA,NA,NA,NA,NA,NA,NA,NA,NA,Verzögerung,kuchelewa,d,NA,NA,NA,sdf,0,2
56b99,deep,flow.Sequence,5_0_2_0_7_0,NA,NA,completion,11309.7,1779276.1,1779274.1,1779290.9,1790600.6,1790601.8000001,2024-05-07T08:48:38Z,1790617.4,NA,NA,NA,NA,NA,NA,NA,NA,NA,NA,NA,NA,NA,NA,NA,NA,NA,NA,NA,NA,Verzögerung,kuchelewa,d,NA,NA,NA,sdf,NA,2
56b99,shallow,flow.Sequence,5_0_2_0_7_1,NA,NA,skipped,NA,1790602,NA,NA,1790600.6,1790602.2,2024-05-07T08:48:38Z,1790617.4,NA,NA,NA,NA,NA,NA,NA,NA,NA,NA,NA,NA,NA,NA,NA,NA,NA,NA,NA,NA,Verzögerung,kuchelewa,d,NA,NA,NA,sdf,NA,2
56b99,task,flow.Sequence,5_0_2_0_7,NA,NA,completion,11309.7,1779276.1,1779274.1,1779290.9,1790600.6,1790602.4,2024-05-07T08:48:38Z,1790617.4,NA,NA,NA,NA,NA,NA,NA,NA,NA,NA,NA,NA,NA,NA,NA,NA,NA,NA,NA,NA,Verzögerung,kuchelewa,d,NA,NA,NA,sdf,NA,2
56b99,block,flow.Loop,5_0_2_0,NA,NA,completion,97273.574,1693329.2,1693327.026,1693327.026,1790600.6,1790602.6,2024-05-07T08:48:38Z,1790617.4,NA,NA,NA,NA,NA,NA,NA,NA,NA,NA,NA,NA,NA,NA,NA,NA,NA,NA,NA,NA,NA,NA,NA,NA,NA,NA,sdf,NA,2
56b99,weiter,canvas.Screen,5_0_2_1,sdf,keypress(Space),response,1583.6000000001,1790602.6,1790600.6,1790617.4,1792201,1792202.1,2024-05-07T08:48:39Z,1792216.828,NA,NA,NA,NA,NA,NA,NA,NA,NA,NA,NA,NA,NA,NA,NA,NA,NA,NA,NA,NA,NA,NA,NA,NA,NA,NA,sdf,NA,2
56b99,check continue,flow.Sequence,5_0_2,NA,NA,completion,98873.974,1693329.2,1693327.026,1693327.026,1792201,1792202.4,2024-05-07T08:48:39Z,1792216.828,NA,NA,NA,NA,NA,NA,NA,NA,NA,NA,NA,NA,NA,NA,NA,NA,NA,NA,NA,NA,NA,NA,NA,NA,NA,NA,sdf,NA,2
56b99,Deep Question,html.Page,5_0_3_0_0_0_0,matenado,NA,form submission,12549.071999976,1792219.5,1792216.828,1792216.828,1804765.9,1804766.1,2024-05-07T08:48:52Z,1804775.1,NA,NA,NA,NA,NA,NA,NA,NA,NA,NA,NA,NA,NA,NA,NA,NA,NA,NA,NA,NA,Kultur,utamaduni,d,NA,NA,NA,NA,NA,3
56b99,"""Richtig""-Screen",canvas.Screen,5_0_3_0_0_0_1,NA,NA,skipped,NA,1804769.3000001,NA,NA,1804765.9,1804769.5,2024-05-07T08:48:52Z,1804775.1,NA,NA,NA,NA,NA,NA,NA,NA,NA,NA,NA,NA,NA,NA,NA,NA,NA,NA,NA,NA,Kultur,utamaduni,d,NA,NA,NA,qt,NA,3
56b99,"""Falsch""-Screen",canvas.Screen,5_0_3_0_0_0_2,NA,NA,timeout,4997,1804770.2,1804759.018,1804775.1,1809755.4,1809756.3000001,2024-05-07T08:48:57Z,1809772.1,NA,NA,NA,NA,NA,NA,NA,NA,NA,NA,NA,NA,NA,NA,NA,NA,NA,NA,NA,NA,Kultur,utamaduni,d,NA,NA,NA,qt,0,3
56b99,deep,flow.Sequence,5_0_3_0_0_0,NA,NA,completion,17538.572,1792219.5,1792216.828,1792216.828,1809755.4,1809756.8000001,2024-05-07T08:48:57Z,1809772.1,NA,NA,NA,NA,NA,NA,NA,NA,NA,NA,NA,NA,NA,NA,NA,NA,NA,NA,NA,NA,Kultur,utamaduni,d,NA,NA,NA,qt,NA,3
56b99,shallow,flow.Sequence,5_0_3_0_0_1,NA,NA,skipped,NA,1809756.9,NA,NA,1809755.4,1809757.2,2024-05-07T08:48:57Z,1809772.1,NA,NA,NA,NA,NA,NA,NA,NA,NA,NA,NA,NA,NA,NA,NA,NA,NA,NA,NA,NA,Kultur,utamaduni,d,NA,NA,NA,qt,NA,3
56b99,task,flow.Sequence,5_0_3_0_0,NA,NA,completion,17538.572,1792219.5,1792216.828,1792216.828,1809755.4,1809757.5,2024-05-07T08:48:57Z,1809772.1,NA,NA,NA,NA,NA,NA,NA,NA,NA,NA,NA,NA,NA,NA,NA,NA,NA,NA,NA,NA,Kultur,utamaduni,d,NA,NA,NA,qt,NA,3
56b99,Deep Question,html.Page,5_0_3_0_1_0_0,kfd,NA,form submission,11771.100000048,1809757.7,1809755.4,1809772.1,1821543.2,1821543.4,2024-05-07T08:49:09Z,1821548,NA,NA,NA,NA,NA,NA,NA,NA,NA,NA,NA,NA,NA,NA,NA,NA,NA,NA,NA,NA,Annäherung,maegesho,d,NA,NA,NA,NA,NA,3
56b99,"""Richtig""-Screen",canvas.Screen,5_0_3_0_1_0_1,NA,NA,skipped,NA,1821544.7,NA,NA,1821543.2,1821544.8000001,2024-05-07T08:49:09Z,1821548,NA,NA,NA,NA,NA,NA,NA,NA,NA,NA,NA,NA,NA,NA,NA,NA,NA,NA,NA,NA,Annäherung,maegesho,d,NA,NA,NA,qt,NA,3
56b99,"""Falsch""-Screen",canvas.Screen,5_0_3_0_1_0_2,NA,NA,timeout,4997.5,1821545.2,1821532.058,1821548,1826528.7,1826529.5,2024-05-07T08:49:14Z,1826545.5,NA,NA,NA,NA,NA,NA,NA,NA,NA,NA,NA,NA,NA,NA,NA,NA,NA,NA,NA,NA,Annäherung,maegesho,d,NA,NA,NA,qt,0,3
56b99,deep,flow.Sequence,5_0_3_0_1_0,NA,NA,completion,16756.6,1809757.6,1809755.4,1809772.1,1826528.7,1826529.8000001,2024-05-07T08:49:14Z,1826545.5,NA,NA,NA,NA,NA,NA,NA,NA,NA,NA,NA,NA,NA,NA,NA,NA,NA,NA,NA,NA,Annäherung,maegesho,d,NA,NA,NA,qt,NA,3
56b99,shallow,flow.Sequence,5_0_3_0_1_1,NA,NA,skipped,NA,1826529.9,NA,NA,1826528.7,1826530,2024-05-07T08:49:14Z,1826545.5,NA,NA,NA,NA,NA,NA,NA,NA,NA,NA,NA,NA,NA,NA,NA,NA,NA,NA,NA,NA,Annäherung,maegesho,d,NA,NA,NA,qt,NA,3
56b99,task,flow.Sequence,5_0_3_0_1,NA,NA,completion,16756.6,1809757.5,1809755.4,1809772.1,1826528.7,1826530.2,2024-05-07T08:49:14Z,1826545.5,NA,NA,NA,NA,NA,NA,NA,NA,NA,NA,NA,NA,NA,NA,NA,NA,NA,NA,NA,NA,Annäherung,maegesho,d,NA,NA,NA,qt,NA,3
56b99,Deep Question,html.Page,5_0_3_0_2_0_0,matenano,NA,form submission,24760.700000048,1826530.3000001,1826528.7,1826545.5,1851306.2,1851306.4,2024-05-07T08:49:39Z,1851313.2,NA,NA,NA,NA,NA,NA,NA,NA,NA,NA,NA,NA,NA,NA,NA,NA,NA,NA,NA,NA,Verzögerung,kuchelewa,d,NA,NA,NA,NA,NA,3
56b99,"""Richtig""-Screen",canvas.Screen,5_0_3_0_2_0_1,NA,NA,skipped,NA,1851309.4,NA,NA,1851306.2,1851309.6,2024-05-07T08:49:39Z,1851313.2,NA,NA,NA,NA,NA,NA,NA,NA,NA,NA,NA,NA,NA,NA,NA,NA,NA,NA,NA,NA,Verzögerung,kuchelewa,d,NA,NA,NA,qt,NA,3
56b99,"""Falsch""-Screen",canvas.Screen,5_0_3_0_2_0_2,NA,NA,timeout,4997.4000000001,1851310.1,1851296.9,1851313.2,1856293.9,1856294.5,2024-05-07T08:49:43Z,1856310.6,NA,NA,NA,NA,NA,NA,NA,NA,NA,NA,NA,NA,NA,NA,NA,NA,NA,NA,NA,NA,Verzögerung,kuchelewa,d,NA,NA,NA,qt,0,3
56b99,deep,flow.Sequence,5_0_3_0_2_0,NA,NA,completion,29748.4,1826530.2,1826528.7,1826545.5,1856293.9,1856294.7,2024-05-07T08:49:43Z,1856310.6,NA,NA,NA,NA,NA,NA,NA,NA,NA,NA,NA,NA,NA,NA,NA,NA,NA,NA,NA,NA,Verzögerung,kuchelewa,d,NA,NA,NA,qt,NA,3
56b99,shallow,flow.Sequence,5_0_3_0_2_1,NA,NA,skipped,NA,1856294.7,NA,NA,1856293.9,1856294.7,2024-05-07T08:49:43Z,1856310.6,NA,NA,NA,NA,NA,NA,NA,NA,NA,NA,NA,NA,NA,NA,NA,NA,NA,NA,NA,NA,Verzögerung,kuchelewa,d,NA,NA,NA,qt,NA,3
56b99,task,flow.Sequence,5_0_3_0_2,NA,NA,completion,29748.4,1826530.2,1826528.7,1826545.5,1856293.9,1856294.8000001,2024-05-07T08:49:43Z,1856310.6,NA,NA,NA,NA,NA,NA,NA,NA,NA,NA,NA,NA,NA,NA,NA,NA,NA,NA,NA,NA,Verzögerung,kuchelewa,d,NA,NA,NA,qt,NA,3
56b99,deep,flow.Sequence,5_0_3_0_3_0,NA,NA,skipped,NA,1856294.8000001,NA,NA,1856293.9,1856294.9,2024-05-07T08:49:43Z,1856310.6,NA,NA,NA,NA,NA,NA,NA,NA,NA,NA,NA,NA,NA,NA,NA,NA,NA,NA,NA,NA,Prüfung,mtihani,s,mkulima,mtizamo,ufumbuzi,qt,NA,3
56b99,Shallow Question,html.Page,5_0_3_0_3_1_0,mtihani,NA,form submission,9076.5000000237,1856294.9,1856293.9,1856310.6,1865387.1,1865387.3000001,2024-05-07T08:49:53Z,1865389.162,NA,NA,NA,NA,NA,NA,NA,NA,NA,NA,NA,NA,NA,NA,NA,NA,NA,NA,NA,NA,Prüfung,mtihani,s,mkulima,mtizamo,ufumbuzi,NA,NA,3
56b99,"""Richtig""-Screen",canvas.Screen,5_0_3_0_3_1_1,NA,NA,timeout,4996.338,1865390,1865389.162,1865389.162,1870368.3,1870369.4,2024-05-07T08:49:58Z,1870385.5,NA,NA,NA,NA,NA,NA,NA,NA,NA,NA,NA,NA,NA,NA,NA,NA,NA,NA,NA,NA,Prüfung,mtihani,s,mkulima,mtizamo,ufumbuzi,qt,1,3
56b99,"""Falsch""-Screen",canvas.Screen,5_0_3_0_3_1_2,NA,NA,skipped,NA,1870374.6,NA,NA,1870368.3,1870374.7,2024-05-07T08:49:58Z,1870385.5,NA,NA,NA,NA,NA,NA,NA,NA,NA,NA,NA,NA,NA,NA,NA,NA,NA,NA,NA,NA,Prüfung,mtihani,s,mkulima,mtizamo,ufumbuzi,qt,NA,3
56b99,shallow,flow.Sequence,5_0_3_0_3_1,NA,NA,completion,14057.7,1856294.9,1856293.9,1856310.6,1870368.3,1870374.7,2024-05-07T08:49:58Z,1870385.5,NA,NA,NA,NA,NA,NA,NA,NA,NA,NA,NA,NA,NA,NA,NA,NA,NA,NA,NA,NA,Prüfung,mtihani,s,mkulima,mtizamo,ufumbuzi,qt,NA,3
56b99,task,flow.Sequence,5_0_3_0_3,NA,NA,completion,14057.7,1856294.8000001,1856293.9,1856310.6,1870368.3,1870374.8000001,2024-05-07T08:49:58Z,1870385.5,NA,NA,NA,NA,NA,NA,NA,NA,NA,NA,NA,NA,NA,NA,NA,NA,NA,NA,NA,NA,Prüfung,mtihani,s,mkulima,mtizamo,ufumbuzi,qt,NA,3
56b99,deep,flow.Sequence,5_0_3_0_4_0,NA,NA,skipped,NA,1870374.9,NA,NA,1870368.3,1870374.9,2024-05-07T08:49:58Z,1870385.5,NA,NA,NA,NA,NA,NA,NA,NA,NA,NA,NA,NA,NA,NA,NA,NA,NA,NA,NA,NA,Aufstand,ugomaji,s,mazidio,msingi,kujieleza,qt,NA,3
56b99,Shallow Question,html.Page,5_0_3_0_4_1_0,ugomaji,NA,form submission,8036.3999999762,1870374.9,1870368.3,1870385.5,1878421.9,1878422.2,2024-05-07T08:50:06Z,1878430,NA,NA,NA,NA,NA,NA,NA,NA,NA,NA,NA,NA,NA,NA,NA,NA,NA,NA,NA,NA,Aufstand,ugomaji,s,mazidio,msingi,kujieleza,NA,NA,3
56b99,"""Richtig""-Screen",canvas.Screen,5_0_3_0_4_1_1,NA,NA,timeout,4997.6000000001,1878425.2,1878414.1,1878430,1883410.3,1883411.8000001,2024-05-07T08:50:11Z,1883427.6,NA,NA,NA,NA,NA,NA,NA,NA,NA,NA,NA,NA,NA,NA,NA,NA,NA,NA,NA,NA,Aufstand,ugomaji,s,mazidio,msingi,kujieleza,qt,1,3
56b99,"""Falsch""-Screen",canvas.Screen,5_0_3_0_4_1_2,NA,NA,skipped,NA,1883416.4,NA,NA,1883410.3,1883416.5,2024-05-07T08:50:11Z,1883427.6,NA,NA,NA,NA,NA,NA,NA,NA,NA,NA,NA,NA,NA,NA,NA,NA,NA,NA,NA,NA,Aufstand,ugomaji,s,mazidio,msingi,kujieleza,qt,NA,3
56b99,shallow,flow.Sequence,5_0_3_0_4_1,NA,NA,completion,13024.8,1870374.9,1870368.3,1870385.5,1883410.3,1883416.6,2024-05-07T08:50:11Z,1883427.6,NA,NA,NA,NA,NA,NA,NA,NA,NA,NA,NA,NA,NA,NA,NA,NA,NA,NA,NA,NA,Aufstand,ugomaji,s,mazidio,msingi,kujieleza,qt,NA,3
56b99,task,flow.Sequence,5_0_3_0_4,NA,NA,completion,13024.8,1870374.9,1870368.3,1870385.5,1883410.3,1883416.7,2024-05-07T08:50:11Z,1883427.6,NA,NA,NA,NA,NA,NA,NA,NA,NA,NA,NA,NA,NA,NA,NA,NA,NA,NA,NA,NA,Aufstand,ugomaji,s,mazidio,msingi,kujieleza,qt,NA,3
56b99,Deep Question,html.Page,5_0_3_0_5_0_0,klfd,NA,form submission,10160.100000048,1883416.7,1883410.3,1883427.6,1893587.7,1893588,2024-05-07T08:50:21Z,1893604.1,NA,NA,NA,NA,NA,NA,NA,NA,NA,NA,NA,NA,NA,NA,NA,NA,NA,NA,NA,NA,Sympathie,mapendano,d,NA,NA,NA,NA,NA,3
56b99,"""Richtig""-Screen",canvas.Screen,5_0_3_0_5_0_1,NA,NA,skipped,NA,1893591.4,NA,NA,1893587.7,1893591.5,2024-05-07T08:50:21Z,1893604.1,NA,NA,NA,NA,NA,NA,NA,NA,NA,NA,NA,NA,NA,NA,NA,NA,NA,NA,NA,NA,Sympathie,mapendano,d,NA,NA,NA,qt,NA,3
56b99,"""Falsch""-Screen",canvas.Screen,5_0_3_0_5_0_2,NA,NA,timeout,4997.5,1893592.1,1893588.188,1893604.1,1898584.9,1898585.9,2024-05-07T08:50:26Z,1898601.6,NA,NA,NA,NA,NA,NA,NA,NA,NA,NA,NA,NA,NA,NA,NA,NA,NA,NA,NA,NA,Sympathie,mapendano,d,NA,NA,NA,qt,0,3
56b99,deep,flow.Sequence,5_0_3_0_5_0,NA,NA,completion,15157.3,1883416.7,1883410.3,1883427.6,1898584.9,1898586.3000001,2024-05-07T08:50:26Z,1898601.6,NA,NA,NA,NA,NA,NA,NA,NA,NA,NA,NA,NA,NA,NA,NA,NA,NA,NA,NA,NA,Sympathie,mapendano,d,NA,NA,NA,qt,NA,3
56b99,shallow,flow.Sequence,5_0_3_0_5_1,NA,NA,skipped,NA,1898586.4,NA,NA,1898584.9,1898586.5,2024-05-07T08:50:26Z,1898601.6,NA,NA,NA,NA,NA,NA,NA,NA,NA,NA,NA,NA,NA,NA,NA,NA,NA,NA,NA,NA,Sympathie,mapendano,d,NA,NA,NA,qt,NA,3
56b99,task,flow.Sequence,5_0_3_0_5,NA,NA,completion,15157.3,1883416.7,1883410.3,1883427.6,1898584.9,1898586.6,2024-05-07T08:50:26Z,1898601.6,NA,NA,NA,NA,NA,NA,NA,NA,NA,NA,NA,NA,NA,NA,NA,NA,NA,NA,NA,NA,Sympathie,mapendano,d,NA,NA,NA,qt,NA,3
56b99,deep,flow.Sequence,5_0_3_0_6_0,NA,NA,skipped,NA,1898586.8000001,NA,NA,1898584.9,1898586.9,2024-05-07T08:50:26Z,1898601.6,NA,NA,NA,NA,NA,NA,NA,NA,NA,NA,NA,NA,NA,NA,NA,NA,NA,NA,NA,NA,Beweis,ushahidi,s,marudio,kizuizi,mtendaji,qt,NA,3
56b99,Shallow Question,html.Page,5_0_3_0_6_1_0,ushahidi,NA,form submission,7286.2000000714,1898587,1898584.9,1898601.6,1905887.8000001,1905888,2024-05-07T08:50:33Z,1905896.9,NA,NA,NA,NA,NA,NA,NA,NA,NA,NA,NA,NA,NA,NA,NA,NA,NA,NA,NA,NA,Beweis,ushahidi,s,marudio,kizuizi,mtendaji,NA,NA,3
56b99,"""Richtig""-Screen",canvas.Screen,5_0_3_0_6_1_1,NA,NA,timeout,4996.6000000001,1905891.2,1905880.746,1905896.9,1910877,1910878,2024-05-07T08:50:38Z,1910893.5,NA,NA,NA,NA,NA,NA,NA,NA,NA,NA,NA,NA,NA,NA,NA,NA,NA,NA,NA,NA,Beweis,ushahidi,s,marudio,kizuizi,mtendaji,qt,1,3
56b99,"""Falsch""-Screen",canvas.Screen,5_0_3_0_6_1_2,NA,NA,skipped,NA,1910883.2,NA,NA,1910877,1910883.3000001,2024-05-07T08:50:38Z,1910893.5,NA,NA,NA,NA,NA,NA,NA,NA,NA,NA,NA,NA,NA,NA,NA,NA,NA,NA,NA,NA,Beweis,ushahidi,s,marudio,kizuizi,mtendaji,qt,NA,3
56b99,shallow,flow.Sequence,5_0_3_0_6_1,NA,NA,completion,12275.4,1898587,1898584.9,1898601.6,1910877,1910883.5,2024-05-07T08:50:38Z,1910893.5,NA,NA,NA,NA,NA,NA,NA,NA,NA,NA,NA,NA,NA,NA,NA,NA,NA,NA,NA,NA,Beweis,ushahidi,s,marudio,kizuizi,mtendaji,qt,NA,3
56b99,task,flow.Sequence,5_0_3_0_6,NA,NA,completion,12275.4,1898586.8000001,1898584.9,1898601.6,1910877,1910883.5,2024-05-07T08:50:38Z,1910893.5,NA,NA,NA,NA,NA,NA,NA,NA,NA,NA,NA,NA,NA,NA,NA,NA,NA,NA,NA,NA,Beweis,ushahidi,s,marudio,kizuizi,mtendaji,qt,NA,3
56b99,deep,flow.Sequence,5_0_3_0_7_0,NA,NA,skipped,NA,1910883.6,NA,NA,1910877,1910883.6,2024-05-07T08:50:38Z,1910893.5,NA,NA,NA,NA,NA,NA,NA,NA,NA,NA,NA,NA,NA,NA,NA,NA,NA,NA,NA,NA,Polizist,msongora,s,simanzi,mandhari,nidhamu,qt,NA,3
56b99,Shallow Question,html.Page,5_0_3_0_7_1_0,mandhari,NA,form submission,6883.2000000477,1910883.6,1910877,1910893.5,1917776.7,1917776.9,2024-05-07T08:50:45Z,1917806.6,NA,NA,NA,NA,NA,NA,NA,NA,NA,NA,NA,NA,NA,NA,NA,NA,NA,NA,NA,NA,Polizist,msongora,s,simanzi,mandhari,nidhamu,NA,NA,3
56b99,"""Richtig""-Screen",canvas.Screen,5_0_3_0_7_1_1,NA,NA,skipped,NA,1917778.1,NA,NA,1917776.7,1917778.2,2024-05-07T08:50:45Z,1917806.6,NA,NA,NA,NA,NA,NA,NA,NA,NA,NA,NA,NA,NA,NA,NA,NA,NA,NA,NA,NA,Polizist,msongora,s,simanzi,mandhari,nidhamu,qt,NA,3
56b99,"""Falsch""-Screen",canvas.Screen,5_0_3_0_7_1_2,NA,NA,timeout,4996.3999999999,1917778.5,1917789.566,1917806.6,1922786.8,1922787.8000001,2024-05-07T08:50:50Z,1922803,NA,NA,NA,NA,NA,NA,NA,NA,NA,NA,NA,NA,NA,NA,NA,NA,NA,NA,NA,NA,Polizist,msongora,s,simanzi,mandhari,nidhamu,qt,0,3
56b99,shallow,flow.Sequence,5_0_3_0_7_1,NA,NA,completion,11893.3,1910883.6,1910877,1910893.5,1922786.8,1922788.1,2024-05-07T08:50:50Z,1922803,NA,NA,NA,NA,NA,NA,NA,NA,NA,NA,NA,NA,NA,NA,NA,NA,NA,NA,NA,NA,Polizist,msongora,s,simanzi,mandhari,nidhamu,qt,NA,3
56b99,task,flow.Sequence,5_0_3_0_7,NA,NA,completion,11893.3,1910883.6,1910877,1910893.5,1922786.8,1922788.3000001,2024-05-07T08:50:50Z,1922803,NA,NA,NA,NA,NA,NA,NA,NA,NA,NA,NA,NA,NA,NA,NA,NA,NA,NA,NA,NA,Polizist,msongora,s,simanzi,mandhari,nidhamu,qt,NA,3
56b99,block,flow.Loop,5_0_3_0,NA,NA,completion,130569.972,1792219.5,1792216.828,1792216.828,1922786.8,1922788.5,2024-05-07T08:50:50Z,1922803,NA,NA,NA,NA,NA,NA,NA,NA,NA,NA,NA,NA,NA,NA,NA,NA,NA,NA,NA,NA,NA,NA,NA,NA,NA,NA,qt,NA,3
56b99,weiter,canvas.Screen,5_0_3_1,sdf,keypress(Space),response,1677.3000000715,1922788.7,1922786.8,1922803,1924480.3000001,1924481.2,2024-05-07T08:50:52Z,1924501.9,NA,NA,NA,NA,NA,NA,NA,NA,NA,NA,NA,NA,NA,NA,NA,NA,NA,NA,NA,NA,NA,NA,NA,NA,NA,NA,qt,NA,3
56b99,check continue,flow.Sequence,5_0_3,NA,NA,completion,132263.47200007,1792219.5,1792216.828,1792216.828,1924480.3000001,1924481.5,2024-05-07T08:50:52Z,1924501.9,NA,NA,NA,NA,NA,NA,NA,NA,NA,NA,NA,NA,NA,NA,NA,NA,NA,NA,NA,NA,NA,NA,NA,NA,NA,NA,qt,NA,3
56b99,Deep Question,html.Page,5_0_4_0_0_0_0,mdf,NA,form submission,8429.9999999763,1924499.9,1924486.172,1924501.9,1932931.9,1932932.1,2024-05-07T08:51:00Z,1932947.1,NA,NA,NA,NA,NA,NA,NA,NA,NA,NA,NA,NA,NA,NA,NA,NA,NA,NA,NA,NA,Verzögerung,kuchelewa,d,NA,NA,NA,NA,NA,4
56b99,"""Richtig""-Screen",canvas.Screen,5_0_4_0_0_0_1,NA,NA,skipped,NA,1932935,NA,NA,1932931.9,1932935.1,2024-05-07T08:51:00Z,1932947.1,NA,NA,NA,NA,NA,NA,NA,NA,NA,NA,NA,NA,NA,NA,NA,NA,NA,NA,NA,NA,Verzögerung,kuchelewa,d,NA,NA,NA,sd,NA,4
56b99,"""Falsch""-Screen",canvas.Screen,5_0_4_0_0_0_2,NA,NA,timeout,4996.5999999999,1932935.9,1932930.862,1932947.1,1937927.6,1937928.7,2024-05-07T08:51:05Z,1937943.7,NA,NA,NA,NA,NA,NA,NA,NA,NA,NA,NA,NA,NA,NA,NA,NA,NA,NA,NA,NA,Verzögerung,kuchelewa,d,NA,NA,NA,sd,0,4
56b99,deep,flow.Sequence,5_0_4_0_0_0,NA,NA,completion,13425.7,1924499.9,1924486.172,1924501.9,1937927.6,1937929.2,2024-05-07T08:51:05Z,1937943.7,NA,NA,NA,NA,NA,NA,NA,NA,NA,NA,NA,NA,NA,NA,NA,NA,NA,NA,NA,NA,Verzögerung,kuchelewa,d,NA,NA,NA,sd,NA,4
56b99,shallow,flow.Sequence,5_0_4_0_0_1,NA,NA,skipped,NA,1937929.5,NA,NA,1937927.6,1937929.7,2024-05-07T08:51:05Z,1937943.7,NA,NA,NA,NA,NA,NA,NA,NA,NA,NA,NA,NA,NA,NA,NA,NA,NA,NA,NA,NA,Verzögerung,kuchelewa,d,NA,NA,NA,sd,NA,4
56b99,task,flow.Sequence,5_0_4_0_0,NA,NA,completion,13425.7,1924499.9,1924486.172,1924501.9,1937927.6,1937930.1,2024-05-07T08:51:05Z,1937943.7,NA,NA,NA,NA,NA,NA,NA,NA,NA,NA,NA,NA,NA,NA,NA,NA,NA,NA,NA,NA,Verzögerung,kuchelewa,d,NA,NA,NA,sd,NA,4
56b99,Deep Question,html.Page,5_0_4_0_1_0_0,kuchelewa,NA,form submission,17730.199999976,1937930.4,1937927.6,1937943.7,1955673.9,1955674.2,2024-05-07T08:51:23Z,1955699.9,NA,NA,NA,NA,NA,NA,NA,NA,NA,NA,NA,NA,NA,NA,NA,NA,NA,NA,NA,NA,Sympathie,mapendano,d,NA,NA,NA,NA,NA,4
56b99,"""Richtig""-Screen",canvas.Screen,5_0_4_0_1_0_1,NA,NA,skipped,NA,1955677.2,NA,NA,1955673.9,1955677.3000001,2024-05-07T08:51:23Z,1955699.9,NA,NA,NA,NA,NA,NA,NA,NA,NA,NA,NA,NA,NA,NA,NA,NA,NA,NA,NA,NA,Sympathie,mapendano,d,NA,NA,NA,sd,NA,4
56b99,"""Falsch""-Screen",canvas.Screen,5_0_4_0_1_0_2,NA,NA,timeout,4997.2000000002,1955677.9,1955683.532,1955699.9,1960679.9,1960680.7,2024-05-07T08:51:28Z,1960697.1,NA,NA,NA,NA,NA,NA,NA,NA,NA,NA,NA,NA,NA,NA,NA,NA,NA,NA,NA,NA,Sympathie,mapendano,d,NA,NA,NA,sd,0,4
56b99,deep,flow.Sequence,5_0_4_0_1_0,NA,NA,completion,22736.2,1937930.4,1937927.6,1937943.7,1960679.9,1960681.1,2024-05-07T08:51:28Z,1960697.1,NA,NA,NA,NA,NA,NA,NA,NA,NA,NA,NA,NA,NA,NA,NA,NA,NA,NA,NA,NA,Sympathie,mapendano,d,NA,NA,NA,sd,NA,4
56b99,shallow,flow.Sequence,5_0_4_0_1_1,NA,NA,skipped,NA,1960681.1,NA,NA,1960679.9,1960681.3000001,2024-05-07T08:51:28Z,1960697.1,NA,NA,NA,NA,NA,NA,NA,NA,NA,NA,NA,NA,NA,NA,NA,NA,NA,NA,NA,NA,Sympathie,mapendano,d,NA,NA,NA,sd,NA,4
56b99,task,flow.Sequence,5_0_4_0_1,NA,NA,completion,22736.2,1937930.3000001,1937927.6,1937943.7,1960679.9,1960681.4,2024-05-07T08:51:28Z,1960697.1,NA,NA,NA,NA,NA,NA,NA,NA,NA,NA,NA,NA,NA,NA,NA,NA,NA,NA,NA,NA,Sympathie,mapendano,d,NA,NA,NA,sd,NA,4
56b99,deep,flow.Sequence,5_0_4_0_2_0,NA,NA,skipped,NA,1960681.6,NA,NA,1960679.9,1960681.6,2024-05-07T08:51:28Z,1960697.1,NA,NA,NA,NA,NA,NA,NA,NA,NA,NA,NA,NA,NA,NA,NA,NA,NA,NA,NA,NA,Polizist,msongora,s,simanzi,mandhari,nidhamu,sd,NA,4
56b99,Shallow Question,html.Page,5_0_4_0_2_1_0,msongora,NA,form submission,6491.1000000476,1960681.7,1960679.9,1960697.1,1967188.2,1967188.4,2024-05-07T08:51:34Z,1967209.6,NA,NA,NA,NA,NA,NA,NA,NA,NA,NA,NA,NA,NA,NA,NA,NA,NA,NA,NA,NA,Polizist,msongora,s,simanzi,mandhari,nidhamu,NA,NA,4
56b99,"""Richtig""-Screen",canvas.Screen,5_0_4_0_2_1_1,NA,NA,timeout,4997.0999999999,1967191.5,1967193.19,1967209.6,1972189.7,1972190.7,2024-05-07T08:51:39Z,1972206.7,NA,NA,NA,NA,NA,NA,NA,NA,NA,NA,NA,NA,NA,NA,NA,NA,NA,NA,NA,NA,Polizist,msongora,s,simanzi,mandhari,nidhamu,sd,1,4
56b99,"""Falsch""-Screen",canvas.Screen,5_0_4_0_2_1_2,NA,NA,skipped,NA,1972195.5,NA,NA,1972189.7,1972195.7,2024-05-07T08:51:39Z,1972206.7,NA,NA,NA,NA,NA,NA,NA,NA,NA,NA,NA,NA,NA,NA,NA,NA,NA,NA,NA,NA,Polizist,msongora,s,simanzi,mandhari,nidhamu,sd,NA,4
56b99,shallow,flow.Sequence,5_0_4_0_2_1,NA,NA,completion,11492.6,1960681.7,1960679.9,1960697.1,1972189.7,1972195.8000001,2024-05-07T08:51:39Z,1972206.7,NA,NA,NA,NA,NA,NA,NA,NA,NA,NA,NA,NA,NA,NA,NA,NA,NA,NA,NA,NA,Polizist,msongora,s,simanzi,mandhari,nidhamu,sd,NA,4
56b99,task,flow.Sequence,5_0_4_0_2,NA,NA,completion,11492.6,1960681.5,1960679.9,1960697.1,1972189.7,1972195.9,2024-05-07T08:51:39Z,1972206.7,NA,NA,NA,NA,NA,NA,NA,NA,NA,NA,NA,NA,NA,NA,NA,NA,NA,NA,NA,NA,Polizist,msongora,s,simanzi,mandhari,nidhamu,sd,NA,4
56b99,deep,flow.Sequence,5_0_4_0_3_0,NA,NA,skipped,NA,1972195.9,NA,NA,1972189.7,1972195.9,2024-05-07T08:51:39Z,1972206.7,NA,NA,NA,NA,NA,NA,NA,NA,NA,NA,NA,NA,NA,NA,NA,NA,NA,NA,NA,NA,Beweis,ushahidi,s,marudio,kizuizi,mtendaji,sd,NA,4
56b99,Shallow Question,html.Page,5_0_4_0_3_1_0,ushahidi,NA,form submission,4766.6999999762,1972195.9,1972189.7,1972206.7,1976973.4,1976973.6,2024-05-07T08:51:44Z,1976987,NA,NA,NA,NA,NA,NA,NA,NA,NA,NA,NA,NA,NA,NA,NA,NA,NA,NA,NA,NA,Beweis,ushahidi,s,marudio,kizuizi,mtendaji,NA,NA,4
56b99,"""Richtig""-Screen",canvas.Screen,5_0_4_0_3_1_1,NA,NA,timeout,4997.1000000001,1976976.4,1976970.46,1976987,1981967,1981967.9,2024-05-07T08:51:49Z,1981984.1,NA,NA,NA,NA,NA,NA,NA,NA,NA,NA,NA,NA,NA,NA,NA,NA,NA,NA,NA,NA,Beweis,ushahidi,s,marudio,kizuizi,mtendaji,sd,1,4
56b99,"""Falsch""-Screen",canvas.Screen,5_0_4_0_3_1_2,NA,NA,skipped,NA,1981972.6,NA,NA,1981967,1981972.8000001,2024-05-07T08:51:49Z,1981984.1,NA,NA,NA,NA,NA,NA,NA,NA,NA,NA,NA,NA,NA,NA,NA,NA,NA,NA,NA,NA,Beweis,ushahidi,s,marudio,kizuizi,mtendaji,sd,NA,4
56b99,shallow,flow.Sequence,5_0_4_0_3_1,NA,NA,completion,9760.3,1972195.9,1972189.7,1972206.7,1981967,1981972.9,2024-05-07T08:51:49Z,1981984.1,NA,NA,NA,NA,NA,NA,NA,NA,NA,NA,NA,NA,NA,NA,NA,NA,NA,NA,NA,NA,Beweis,ushahidi,s,marudio,kizuizi,mtendaji,sd,NA,4
56b99,task,flow.Sequence,5_0_4_0_3,NA,NA,completion,9760.3,1972195.9,1972189.7,1972206.7,1981967,1981973,2024-05-07T08:51:49Z,1981984.1,NA,NA,NA,NA,NA,NA,NA,NA,NA,NA,NA,NA,NA,NA,NA,NA,NA,NA,NA,NA,Beweis,ushahidi,s,marudio,kizuizi,mtendaji,sd,NA,4
56b99,deep,flow.Sequence,5_0_4_0_4_0,NA,NA,skipped,NA,1981973,NA,NA,1981967,1981973,2024-05-07T08:51:49Z,1981984.1,NA,NA,NA,NA,NA,NA,NA,NA,NA,NA,NA,NA,NA,NA,NA,NA,NA,NA,NA,NA,Aufstand,ugomaji,s,mazidio,msingi,kujieleza,sd,NA,4
56b99,Shallow Question,html.Page,5_0_4_0_4_1_0,ugomaji,NA,form submission,7947.5000000237,1981973.1,1981967,1981984.1,1989931.6,1989931.8000001,2024-05-07T08:51:57Z,1989945.8,NA,NA,NA,NA,NA,NA,NA,NA,NA,NA,NA,NA,NA,NA,NA,NA,NA,NA,NA,NA,Aufstand,ugomaji,s,mazidio,msingi,kujieleza,NA,NA,4
56b99,"""Richtig""-Screen",canvas.Screen,5_0_4_0_4_1_1,NA,NA,timeout,4997,1989934.7,1989929.462,1989945.8,1994926.1,1994927,2024-05-07T08:52:02Z,1994942.8,NA,NA,NA,NA,NA,NA,NA,NA,NA,NA,NA,NA,NA,NA,NA,NA,NA,NA,NA,NA,Aufstand,ugomaji,s,mazidio,msingi,kujieleza,sd,1,4
56b99,"""Falsch""-Screen",canvas.Screen,5_0_4_0_4_1_2,NA,NA,skipped,NA,1994932.1,NA,NA,1994926.1,1994932.3000001,2024-05-07T08:52:02Z,1994942.8,NA,NA,NA,NA,NA,NA,NA,NA,NA,NA,NA,NA,NA,NA,NA,NA,NA,NA,NA,NA,Aufstand,ugomaji,s,mazidio,msingi,kujieleza,sd,NA,4
56b99,shallow,flow.Sequence,5_0_4_0_4_1,NA,NA,completion,12942,1981973,1981967,1981984.1,1994926.1,1994932.4,2024-05-07T08:52:02Z,1994942.8,NA,NA,NA,NA,NA,NA,NA,NA,NA,NA,NA,NA,NA,NA,NA,NA,NA,NA,NA,NA,Aufstand,ugomaji,s,mazidio,msingi,kujieleza,sd,NA,4
56b99,task,flow.Sequence,5_0_4_0_4,NA,NA,completion,12942,1981973,1981967,1981984.1,1994926.1,1994932.4,2024-05-07T08:52:02Z,1994942.8,NA,NA,NA,NA,NA,NA,NA,NA,NA,NA,NA,NA,NA,NA,NA,NA,NA,NA,NA,NA,Aufstand,ugomaji,s,mazidio,msingi,kujieleza,sd,NA,4
56b99,Deep Question,html.Page,5_0_4_0_5_0_0,mapendano,NA,form submission,11621.400000048,1994932.4,1994926.1,1994942.8,2006564.2,2006564.5,2024-05-07T08:52:14Z,2006585.7,NA,NA,NA,NA,NA,NA,NA,NA,NA,NA,NA,NA,NA,NA,NA,NA,NA,NA,NA,NA,Annäherung,maegesho,d,NA,NA,NA,NA,NA,4
56b99,"""Richtig""-Screen",canvas.Screen,5_0_4_0_5_0_1,NA,NA,skipped,NA,2006567.4,NA,NA,2006564.2,2006567.5,2024-05-07T08:52:14Z,2006585.7,NA,NA,NA,NA,NA,NA,NA,NA,NA,NA,NA,NA,NA,NA,NA,NA,NA,NA,NA,NA,Annäherung,maegesho,d,NA,NA,NA,sd,NA,4
56b99,"""Falsch""-Screen",canvas.Screen,5_0_4_0_5_0_2,NA,NA,timeout,4996.7,2006568.1,2006569.126,2006585.7,2011565.7,2011566.5,2024-05-07T08:52:19Z,2011582.4,NA,NA,NA,NA,NA,NA,NA,NA,NA,NA,NA,NA,NA,NA,NA,NA,NA,NA,NA,NA,Annäherung,maegesho,d,NA,NA,NA,sd,0,4
56b99,deep,flow.Sequence,5_0_4_0_5_0,NA,NA,completion,16622.9,1994932.4,1994926.1,1994942.8,2011565.7,2011566.9,2024-05-07T08:52:19Z,2011582.4,NA,NA,NA,NA,NA,NA,NA,NA,NA,NA,NA,NA,NA,NA,NA,NA,NA,NA,NA,NA,Annäherung,maegesho,d,NA,NA,NA,sd,NA,4
56b99,shallow,flow.Sequence,5_0_4_0_5_1,NA,NA,skipped,NA,2011567.1,NA,NA,2011565.7,2011567.2,2024-05-07T08:52:19Z,2011582.4,NA,NA,NA,NA,NA,NA,NA,NA,NA,NA,NA,NA,NA,NA,NA,NA,NA,NA,NA,NA,Annäherung,maegesho,d,NA,NA,NA,sd,NA,4
56b99,task,flow.Sequence,5_0_4_0_5,NA,NA,completion,16622.9,1994932.4,1994926.1,1994942.8,2011565.7,2011567.3000001,2024-05-07T08:52:19Z,2011582.4,NA,NA,NA,NA,NA,NA,NA,NA,NA,NA,NA,NA,NA,NA,NA,NA,NA,NA,NA,NA,Annäherung,maegesho,d,NA,NA,NA,sd,NA,4
56b99,deep,flow.Sequence,5_0_4_0_6_0,NA,NA,skipped,NA,2011567.4,NA,NA,2011565.7,2011567.5,2024-05-07T08:52:19Z,2011582.4,NA,NA,NA,NA,NA,NA,NA,NA,NA,NA,NA,NA,NA,NA,NA,NA,NA,NA,NA,NA,Prüfung,mtihani,s,mkulima,mtizamo,ufumbuzi,sd,NA,4
56b99,Shallow Question,html.Page,5_0_4_0_6_1_0,mtizamo,NA,form submission,13976.200000024,2011567.5,2011565.7,2011582.4,2025558.6,2025558.8000001,2024-05-07T08:52:33Z,2025574,NA,NA,NA,NA,NA,NA,NA,NA,NA,NA,NA,NA,NA,NA,NA,NA,NA,NA,NA,NA,Prüfung,mtihani,s,mkulima,mtizamo,ufumbuzi,NA,NA,4
56b99,"""Richtig""-Screen",canvas.Screen,5_0_4_0_6_1_1,NA,NA,skipped,NA,2025562.1,NA,NA,2025558.6,2025562.2,2024-05-07T08:52:33Z,2025574,NA,NA,NA,NA,NA,NA,NA,NA,NA,NA,NA,NA,NA,NA,NA,NA,NA,NA,NA,NA,Prüfung,mtihani,s,mkulima,mtizamo,ufumbuzi,sd,NA,4
56b99,"""Falsch""-Screen",canvas.Screen,5_0_4_0_6_1_2,NA,NA,timeout,4996.8999999999,2025562.9,2025557.7,2025574,2030554.4,2030555.4,2024-05-07T08:52:38Z,2030570.9,NA,NA,NA,NA,NA,NA,NA,NA,NA,NA,NA,NA,NA,NA,NA,NA,NA,NA,NA,NA,Prüfung,mtihani,s,mkulima,mtizamo,ufumbuzi,sd,0,4
56b99,shallow,flow.Sequence,5_0_4_0_6_1,NA,NA,completion,18972,2011567.5,2011565.7,2011582.4,2030554.4,2030555.7,2024-05-07T08:52:38Z,2030570.9,NA,NA,NA,NA,NA,NA,NA,NA,NA,NA,NA,NA,NA,NA,NA,NA,NA,NA,NA,NA,Prüfung,mtihani,s,mkulima,mtizamo,ufumbuzi,sd,NA,4
56b99,task,flow.Sequence,5_0_4_0_6,NA,NA,completion,18972,2011567.4,2011565.7,2011582.4,2030554.4,2030555.9,2024-05-07T08:52:38Z,2030570.9,NA,NA,NA,NA,NA,NA,NA,NA,NA,NA,NA,NA,NA,NA,NA,NA,NA,NA,NA,NA,Prüfung,mtihani,s,mkulima,mtizamo,ufumbuzi,sd,NA,4
56b99,Deep Question,html.Page,5_0_4_0_7_0_0,mapendano,NA,form submission,9407.1000000001,2030556.1,2030554.4,2030570.9,2039978,2039978.2,2024-05-07T08:52:47Z,2039982.248,NA,NA,NA,NA,NA,NA,NA,NA,NA,NA,NA,NA,NA,NA,NA,NA,NA,NA,NA,NA,Kultur,utamaduni,d,NA,NA,NA,NA,NA,4
56b99,"""Richtig""-Screen",canvas.Screen,5_0_4_0_7_0_1,NA,NA,skipped,NA,2039981.2,NA,NA,2039978,2039981.4,2024-05-07T08:52:47Z,2039982.248,NA,NA,NA,NA,NA,NA,NA,NA,NA,NA,NA,NA,NA,NA,NA,NA,NA,NA,NA,NA,Kultur,utamaduni,d,NA,NA,NA,sd,NA,4
56b99,"""Falsch""-Screen",canvas.Screen,5_0_4_0_7_0_2,NA,NA,timeout,4996.152,2039982.1,2039982.248,2039982.248,2044961.8,2044962.7,2024-05-07T08:52:52Z,2044978.4,NA,NA,NA,NA,NA,NA,NA,NA,NA,NA,NA,NA,NA,NA,NA,NA,NA,NA,NA,NA,Kultur,utamaduni,d,NA,NA,NA,sd,0,4
56b99,deep,flow.Sequence,5_0_4_0_7_0,NA,NA,completion,14390.9,2030556.1,2030554.4,2030570.9,2044961.8,2044963.1,2024-05-07T08:52:52Z,2044978.4,NA,NA,NA,NA,NA,NA,NA,NA,NA,NA,NA,NA,NA,NA,NA,NA,NA,NA,NA,NA,Kultur,utamaduni,d,NA,NA,NA,sd,NA,4
56b99,shallow,flow.Sequence,5_0_4_0_7_1,NA,NA,skipped,NA,2044963.1,NA,NA,2044961.8,2044963.2,2024-05-07T08:52:52Z,2044978.4,NA,NA,NA,NA,NA,NA,NA,NA,NA,NA,NA,NA,NA,NA,NA,NA,NA,NA,NA,NA,Kultur,utamaduni,d,NA,NA,NA,sd,NA,4
56b99,task,flow.Sequence,5_0_4_0_7,NA,NA,completion,14390.9,2030556,2030554.4,2030570.9,2044961.8,2044963.4,2024-05-07T08:52:52Z,2044978.4,NA,NA,NA,NA,NA,NA,NA,NA,NA,NA,NA,NA,NA,NA,NA,NA,NA,NA,NA,NA,Kultur,utamaduni,d,NA,NA,NA,sd,NA,4
56b99,block,flow.Loop,5_0_4_0,NA,NA,completion,120459.9,1924499.9,1924486.172,1924501.9,2044961.8,2044963.7,2024-05-07T08:52:52Z,2044978.4,NA,NA,NA,NA,NA,NA,NA,NA,NA,NA,NA,NA,NA,NA,NA,NA,NA,NA,NA,NA,NA,NA,NA,NA,NA,NA,sd,NA,4
56b99,weiter,canvas.Screen,5_0_4_1,sdf,keypress(Space),response,1390.9999999763,2044963.8000001,2044961.8,2044978.4,2046369.4,2046370.4,2024-05-07T08:52:54Z,2046395.01,NA,NA,NA,NA,NA,NA,NA,NA,NA,NA,NA,NA,NA,NA,NA,NA,NA,NA,NA,NA,NA,NA,NA,NA,NA,NA,sd,NA,4
56b99,check continue,flow.Sequence,5_0_4,NA,NA,completion,121867.49999998,1924499.8000001,1924486.172,1924501.9,2046369.4,2046370.6,2024-05-07T08:52:54Z,2046395.01,NA,NA,NA,NA,NA,NA,NA,NA,NA,NA,NA,NA,NA,NA,NA,NA,NA,NA,NA,NA,NA,NA,NA,NA,NA,NA,sd,NA,4
56b99,Deep Question,html.Page,5_0_5_0_0_0_0,mapendano,NA,form submission,10576.889999976,2046400.5,2046395.01,2046395.01,2056971.9,2056972.3000001,2024-05-07T08:53:04Z,2056988.1,NA,NA,NA,NA,NA,NA,NA,NA,NA,NA,NA,NA,NA,NA,NA,NA,NA,NA,NA,NA,Annäherung,maegesho,d,NA,NA,NA,NA,NA,5
56b99,"""Richtig""-Screen",canvas.Screen,5_0_5_0_0_0_1,NA,NA,skipped,NA,2056975.5,NA,NA,2056971.9,2056975.6,2024-05-07T08:53:04Z,2056988.1,NA,NA,NA,NA,NA,NA,NA,NA,NA,NA,NA,NA,NA,NA,NA,NA,NA,NA,NA,NA,Annäherung,maegesho,d,NA,NA,NA,sdf,NA,5
56b99,"""Falsch""-Screen",canvas.Screen,5_0_5_0_0_0_2,NA,NA,timeout,4997.0999999999,2056976.4,2056971.656,2056988.1,2061968.2,2061969,2024-05-07T08:53:09Z,2061985.2,NA,NA,NA,NA,NA,NA,NA,NA,NA,NA,NA,NA,NA,NA,NA,NA,NA,NA,NA,NA,Annäherung,maegesho,d,NA,NA,NA,sdf,0,5
56b99,deep,flow.Sequence,5_0_5_0_0_0,NA,NA,completion,15573.19,2046400.4,2046395.01,2046395.01,2061968.2,2061969.4,2024-05-07T08:53:09Z,2061985.2,NA,NA,NA,NA,NA,NA,NA,NA,NA,NA,NA,NA,NA,NA,NA,NA,NA,NA,NA,NA,Annäherung,maegesho,d,NA,NA,NA,sdf,NA,5
56b99,shallow,flow.Sequence,5_0_5_0_0_1,NA,NA,skipped,NA,2061969.5,NA,NA,2061968.2,2061969.6,2024-05-07T08:53:09Z,2061985.2,NA,NA,NA,NA,NA,NA,NA,NA,NA,NA,NA,NA,NA,NA,NA,NA,NA,NA,NA,NA,Annäherung,maegesho,d,NA,NA,NA,sdf,NA,5
56b99,task,flow.Sequence,5_0_5_0_0,NA,NA,completion,15573.19,2046400.4,2046395.01,2046395.01,2061968.2,2061969.7,2024-05-07T08:53:09Z,2061985.2,NA,NA,NA,NA,NA,NA,NA,NA,NA,NA,NA,NA,NA,NA,NA,NA,NA,NA,NA,NA,Annäherung,maegesho,d,NA,NA,NA,sdf,NA,5
56b99,deep,flow.Sequence,5_0_5_0_1_0,NA,NA,skipped,NA,2061969.9,NA,NA,2061968.2,2061969.9,2024-05-07T08:53:09Z,2061985.2,NA,NA,NA,NA,NA,NA,NA,NA,NA,NA,NA,NA,NA,NA,NA,NA,NA,NA,NA,NA,Polizist,msongora,s,simanzi,mandhari,nidhamu,sdf,NA,5
56b99,Shallow Question,html.Page,5_0_5_0_1_1_0,mandhari,NA,form submission,18657.199999976,2061970,2061968.2,2061985.2,2080642.4,2080642.6,2024-05-07T08:53:28Z,2080673.8,NA,NA,NA,NA,NA,NA,NA,NA,NA,NA,NA,NA,NA,NA,NA,NA,NA,NA,NA,NA,Polizist,msongora,s,simanzi,mandhari,nidhamu,NA,NA,5
56b99,"""Richtig""-Screen",canvas.Screen,5_0_5_0_1_1_1,NA,NA,skipped,NA,2080645.6,NA,NA,2080642.4,2080645.7,2024-05-07T08:53:28Z,2080673.8,NA,NA,NA,NA,NA,NA,NA,NA,NA,NA,NA,NA,NA,NA,NA,NA,NA,NA,NA,NA,Polizist,msongora,s,simanzi,mandhari,nidhamu,sdf,NA,5
56b99,"""Falsch""-Screen",canvas.Screen,5_0_5_0_1_1_2,NA,NA,timeout,4996.7,2080646.4,2080657.3,2080673.8,2085653.9,2085654.8000001,2024-05-07T08:53:33Z,2085670.5,NA,NA,NA,NA,NA,NA,NA,NA,NA,NA,NA,NA,NA,NA,NA,NA,NA,NA,NA,NA,Polizist,msongora,s,simanzi,mandhari,nidhamu,sdf,0,5
56b99,shallow,flow.Sequence,5_0_5_0_1_1,NA,NA,completion,23668.7,2061970,2061968.2,2061985.2,2085653.9,2085655.1,2024-05-07T08:53:33Z,2085670.5,NA,NA,NA,NA,NA,NA,NA,NA,NA,NA,NA,NA,NA,NA,NA,NA,NA,NA,NA,NA,Polizist,msongora,s,simanzi,mandhari,nidhamu,sdf,NA,5
56b99,task,flow.Sequence,5_0_5_0_1,NA,NA,completion,23668.7,2061969.9,2061968.2,2061985.2,2085653.9,2085655.3000001,2024-05-07T08:53:33Z,2085670.5,NA,NA,NA,NA,NA,NA,NA,NA,NA,NA,NA,NA,NA,NA,NA,NA,NA,NA,NA,NA,Polizist,msongora,s,simanzi,mandhari,nidhamu,sdf,NA,5
56b99,Deep Question,html.Page,5_0_5_0_2_0_0,mageladno,NA,form submission,11807.899999976,2085655.5,2085653.9,2085670.5,2097478.4,2097478.6,2024-05-07T08:53:45Z,2097480.322,NA,NA,NA,NA,NA,NA,NA,NA,NA,NA,NA,NA,NA,NA,NA,NA,NA,NA,NA,NA,Kultur,utamaduni,d,NA,NA,NA,NA,NA,5
56b99,"""Richtig""-Screen",canvas.Screen,5_0_5_0_2_0_1,NA,NA,skipped,NA,2097481.7,NA,NA,2097478.4,2097481.9,2024-05-07T08:53:45Z,2097480.322,NA,NA,NA,NA,NA,NA,NA,NA,NA,NA,NA,NA,NA,NA,NA,NA,NA,NA,NA,NA,Kultur,utamaduni,d,NA,NA,NA,sdf,NA,5
56b99,"""Falsch""-Screen",canvas.Screen,5_0_5_0_2_0_2,NA,NA,timeout,4996.9779999997,2097482.6,2097480.322,2097480.322,2102460.3,2102461.2,2024-05-07T08:53:50Z,2102477.3,NA,NA,NA,NA,NA,NA,NA,NA,NA,NA,NA,NA,NA,NA,NA,NA,NA,NA,NA,NA,Kultur,utamaduni,d,NA,NA,NA,sdf,0,5
56b99,deep,flow.Sequence,5_0_5_0_2_0,NA,NA,completion,16789.8,2085655.4,2085653.9,2085670.5,2102460.3,2102461.6,2024-05-07T08:53:50Z,2102477.3,NA,NA,NA,NA,NA,NA,NA,NA,NA,NA,NA,NA,NA,NA,NA,NA,NA,NA,NA,NA,Kultur,utamaduni,d,NA,NA,NA,sdf,NA,5
56b99,shallow,flow.Sequence,5_0_5_0_2_1,NA,NA,skipped,NA,2102461.7,NA,NA,2102460.3,2102461.9,2024-05-07T08:53:50Z,2102477.3,NA,NA,NA,NA,NA,NA,NA,NA,NA,NA,NA,NA,NA,NA,NA,NA,NA,NA,NA,NA,Kultur,utamaduni,d,NA,NA,NA,sdf,NA,5
56b99,task,flow.Sequence,5_0_5_0_2,NA,NA,completion,16789.8,2085655.4,2085653.9,2085670.5,2102460.3,2102462,2024-05-07T08:53:50Z,2102477.3,NA,NA,NA,NA,NA,NA,NA,NA,NA,NA,NA,NA,NA,NA,NA,NA,NA,NA,NA,NA,Kultur,utamaduni,d,NA,NA,NA,sdf,NA,5
56b99,deep,flow.Sequence,5_0_5_0_3_0,NA,NA,skipped,NA,2102462.2,NA,NA,2102460.3,2102462.3000001,2024-05-07T08:53:50Z,2102477.3,NA,NA,NA,NA,NA,NA,NA,NA,NA,NA,NA,NA,NA,NA,NA,NA,NA,NA,NA,NA,Beweis,ushahidi,s,marudio,kizuizi,mtendaji,sdf,NA,5
56b99,Shallow Question,html.Page,5_0_5_0_3_1_0,ushahidi,NA,form submission,5500.800000024,2102462.4,2102460.3,2102477.3,2107978.1,2107978.3000001,2024-05-07T08:53:55Z,2107989.9,NA,NA,NA,NA,NA,NA,NA,NA,NA,NA,NA,NA,NA,NA,NA,NA,NA,NA,NA,NA,Beweis,ushahidi,s,marudio,kizuizi,mtendaji,NA,NA,5
56b99,"""Richtig""-Screen",canvas.Screen,5_0_5_0_3_1_1,NA,NA,timeout,4997.3999999999,2107981.2,2107974.052,2107989.9,2112970.5,2112971.4,2024-05-07T08:54:00Z,2112987.3,NA,NA,NA,NA,NA,NA,NA,NA,NA,NA,NA,NA,NA,NA,NA,NA,NA,NA,NA,NA,Beweis,ushahidi,s,marudio,kizuizi,mtendaji,sdf,1,5
56b99,"""Falsch""-Screen",canvas.Screen,5_0_5_0_3_1_2,NA,NA,skipped,NA,2112975.9,NA,NA,2112970.5,2112976,2024-05-07T08:54:00Z,2112987.3,NA,NA,NA,NA,NA,NA,NA,NA,NA,NA,NA,NA,NA,NA,NA,NA,NA,NA,NA,NA,Beweis,ushahidi,s,marudio,kizuizi,mtendaji,sdf,NA,5
56b99,shallow,flow.Sequence,5_0_5_0_3_1,NA,NA,completion,10493.2,2102462.4,2102460.3,2102477.3,2112970.5,2112976.1,2024-05-07T08:54:00Z,2112987.3,NA,NA,NA,NA,NA,NA,NA,NA,NA,NA,NA,NA,NA,NA,NA,NA,NA,NA,NA,NA,Beweis,ushahidi,s,marudio,kizuizi,mtendaji,sdf,NA,5
56b99,task,flow.Sequence,5_0_5_0_3,NA,NA,completion,10493.2,2102462.2,2102460.3,2102477.3,2112970.5,2112976.2,2024-05-07T08:54:00Z,2112987.3,NA,NA,NA,NA,NA,NA,NA,NA,NA,NA,NA,NA,NA,NA,NA,NA,NA,NA,NA,NA,Beweis,ushahidi,s,marudio,kizuizi,mtendaji,sdf,NA,5
56b99,Deep Question,html.Page,5_0_5_0_4_0_0,mad,NA,form submission,8449.2000000002,2112976.2,2112970.5,2112987.3,2121436.5,2121436.8000001,2024-05-07T08:54:09Z,2121465.6,NA,NA,NA,NA,NA,NA,NA,NA,NA,NA,NA,NA,NA,NA,NA,NA,NA,NA,NA,NA,Sympathie,mapendano,d,NA,NA,NA,NA,NA,5
56b99,"""Richtig""-Screen",canvas.Screen,5_0_5_0_4_0_1,NA,NA,skipped,NA,2121438.3000001,NA,NA,2121436.5,2121438.5,2024-05-07T08:54:09Z,2121465.6,NA,NA,NA,NA,NA,NA,NA,NA,NA,NA,NA,NA,NA,NA,NA,NA,NA,NA,NA,NA,Sympathie,mapendano,d,NA,NA,NA,sdf,NA,5
56b99,"""Falsch""-Screen",canvas.Screen,5_0_5_0_4_0_2,NA,NA,timeout,4996.7999999998,2121438.8000001,2121449.02,2121465.6,2126445.8,2126446.6,2024-05-07T08:54:14Z,2126462.4,NA,NA,NA,NA,NA,NA,NA,NA,NA,NA,NA,NA,NA,NA,NA,NA,NA,NA,NA,NA,Sympathie,mapendano,d,NA,NA,NA,sdf,0,5
56b99,deep,flow.Sequence,5_0_5_0_4_0,NA,NA,completion,13458.5,2112976.2,2112970.5,2112987.3,2126445.8,2126447,2024-05-07T08:54:14Z,2126462.4,NA,NA,NA,NA,NA,NA,NA,NA,NA,NA,NA,NA,NA,NA,NA,NA,NA,NA,NA,NA,Sympathie,mapendano,d,NA,NA,NA,sdf,NA,5
56b99,shallow,flow.Sequence,5_0_5_0_4_1,NA,NA,skipped,NA,2126447.1,NA,NA,2126445.8,2126447.3000001,2024-05-07T08:54:14Z,2126462.4,NA,NA,NA,NA,NA,NA,NA,NA,NA,NA,NA,NA,NA,NA,NA,NA,NA,NA,NA,NA,Sympathie,mapendano,d,NA,NA,NA,sdf,NA,5
56b99,task,flow.Sequence,5_0_5_0_4,NA,NA,completion,13458.5,2112976.2,2112970.5,2112987.3,2126445.8,2126447.4,2024-05-07T08:54:14Z,2126462.4,NA,NA,NA,NA,NA,NA,NA,NA,NA,NA,NA,NA,NA,NA,NA,NA,NA,NA,NA,NA,Sympathie,mapendano,d,NA,NA,NA,sdf,NA,5
56b99,Deep Question,html.Page,5_0_5_0_5_0_0,sdf,NA,form submission,4034.9999999763,2126447.6,2126445.8,2126462.4,2130497.4,2130497.7,2024-05-07T08:54:18Z,2130509.5,NA,NA,NA,NA,NA,NA,NA,NA,NA,NA,NA,NA,NA,NA,NA,NA,NA,NA,NA,NA,Verzögerung,kuchelewa,d,NA,NA,NA,NA,NA,5
56b99,"""Richtig""-Screen",canvas.Screen,5_0_5_0_5_0_1,NA,NA,skipped,NA,2130500,NA,NA,2130497.4,2130500.1,2024-05-07T08:54:18Z,2130509.5,NA,NA,NA,NA,NA,NA,NA,NA,NA,NA,NA,NA,NA,NA,NA,NA,NA,NA,NA,NA,Verzögerung,kuchelewa,d,NA,NA,NA,sdf,NA,5
56b99,"""Falsch""-Screen",canvas.Screen,5_0_5_0_5_0_2,NA,NA,timeout,4997.3999999999,2130500.7,2130493.59,2130509.5,2135490.1,2135491.8000001,2024-05-07T08:54:23Z,2135506.9,NA,NA,NA,NA,NA,NA,NA,NA,NA,NA,NA,NA,NA,NA,NA,NA,NA,NA,NA,NA,Verzögerung,kuchelewa,d,NA,NA,NA,sdf,0,5
56b99,deep,flow.Sequence,5_0_5_0_5_0,NA,NA,completion,9027.7000000002,2126447.6,2126445.8,2126462.4,2135490.1,2135492.1,2024-05-07T08:54:23Z,2135506.9,NA,NA,NA,NA,NA,NA,NA,NA,NA,NA,NA,NA,NA,NA,NA,NA,NA,NA,NA,NA,Verzögerung,kuchelewa,d,NA,NA,NA,sdf,NA,5
56b99,shallow,flow.Sequence,5_0_5_0_5_1,NA,NA,skipped,NA,2135492.2,NA,NA,2135490.1,2135492.4,2024-05-07T08:54:23Z,2135506.9,NA,NA,NA,NA,NA,NA,NA,NA,NA,NA,NA,NA,NA,NA,NA,NA,NA,NA,NA,NA,Verzögerung,kuchelewa,d,NA,NA,NA,sdf,NA,5
56b99,task,flow.Sequence,5_0_5_0_5,NA,NA,completion,9027.7000000002,2126447.5,2126445.8,2126462.4,2135490.1,2135492.6,2024-05-07T08:54:23Z,2135506.9,NA,NA,NA,NA,NA,NA,NA,NA,NA,NA,NA,NA,NA,NA,NA,NA,NA,NA,NA,NA,Verzögerung,kuchelewa,d,NA,NA,NA,sdf,NA,5
56b99,deep,flow.Sequence,5_0_5_0_6_0,NA,NA,skipped,NA,2135492.7,NA,NA,2135490.1,2135492.9,2024-05-07T08:54:23Z,2135506.9,NA,NA,NA,NA,NA,NA,NA,NA,NA,NA,NA,NA,NA,NA,NA,NA,NA,NA,NA,NA,Prüfung,mtihani,s,mkulima,mtizamo,ufumbuzi,sdf,NA,5
56b99,Shallow Question,html.Page,5_0_5_0_6_1_0,mtihani,NA,form submission,7189.1000000001,2135493,2135490.1,2135506.9,2142696,2142696.2,2024-05-07T08:54:30Z,2142702.1,NA,NA,NA,NA,NA,NA,NA,NA,NA,NA,NA,NA,NA,NA,NA,NA,NA,NA,NA,NA,Prüfung,mtihani,s,mkulima,mtizamo,ufumbuzi,NA,NA,5
56b99,"""Richtig""-Screen",canvas.Screen,5_0_5_0_6_1_1,NA,NA,timeout,4997,2142699.5,2142686.088,2142702.1,2147682.5,2147683.5,2024-05-07T08:54:35Z,2147699.1,NA,NA,NA,NA,NA,NA,NA,NA,NA,NA,NA,NA,NA,NA,NA,NA,NA,NA,NA,NA,Prüfung,mtihani,s,mkulima,mtizamo,ufumbuzi,sdf,1,5
56b99,"""Falsch""-Screen",canvas.Screen,5_0_5_0_6_1_2,NA,NA,skipped,NA,2147688.4,NA,NA,2147682.5,2147688.4,2024-05-07T08:54:35Z,2147699.1,NA,NA,NA,NA,NA,NA,NA,NA,NA,NA,NA,NA,NA,NA,NA,NA,NA,NA,NA,NA,Prüfung,mtihani,s,mkulima,mtizamo,ufumbuzi,sdf,NA,5
56b99,shallow,flow.Sequence,5_0_5_0_6_1,NA,NA,completion,12175.6,2135492.9,2135490.1,2135506.9,2147682.5,2147688.5,2024-05-07T08:54:35Z,2147699.1,NA,NA,NA,NA,NA,NA,NA,NA,NA,NA,NA,NA,NA,NA,NA,NA,NA,NA,NA,NA,Prüfung,mtihani,s,mkulima,mtizamo,ufumbuzi,sdf,NA,5
56b99,task,flow.Sequence,5_0_5_0_6,NA,NA,completion,12175.6,2135492.7,2135490.1,2135506.9,2147682.5,2147688.5,2024-05-07T08:54:35Z,2147699.1,NA,NA,NA,NA,NA,NA,NA,NA,NA,NA,NA,NA,NA,NA,NA,NA,NA,NA,NA,NA,Prüfung,mtihani,s,mkulima,mtizamo,ufumbuzi,sdf,NA,5
56b99,deep,flow.Sequence,5_0_5_0_7_0,NA,NA,skipped,NA,2147688.6,NA,NA,2147682.5,2147688.6,2024-05-07T08:54:35Z,2147699.1,NA,NA,NA,NA,NA,NA,NA,NA,NA,NA,NA,NA,NA,NA,NA,NA,NA,NA,NA,NA,Aufstand,ugomaji,s,mazidio,msingi,kujieleza,sdf,NA,5
56b99,Shallow Question,html.Page,5_0_5_0_7_1_0,ugomaji,NA,form submission,8274.1000000476,2147688.7,2147682.5,2147699.1,2155973.2,2155973.3000001,2024-05-07T08:54:43Z,2155994.6,NA,NA,NA,NA,NA,NA,NA,NA,NA,NA,NA,NA,NA,NA,NA,NA,NA,NA,NA,NA,Aufstand,ugomaji,s,mazidio,msingi,kujieleza,NA,NA,5
56b99,"""Richtig""-Screen",canvas.Screen,5_0_5_0_7_1_1,NA,NA,timeout,4996.2999999998,2155974.6,2155977.4,2155994.6,2160974.7,2160975.7,2024-05-07T08:54:48Z,2160990.9,NA,NA,NA,NA,NA,NA,NA,NA,NA,NA,NA,NA,NA,NA,NA,NA,NA,NA,NA,NA,Aufstand,ugomaji,s,mazidio,msingi,kujieleza,sdf,1,5
56b99,"""Falsch""-Screen",canvas.Screen,5_0_5_0_7_1_2,NA,NA,skipped,NA,2160980.8000001,NA,NA,2160974.7,2160981,2024-05-07T08:54:48Z,2160990.9,NA,NA,NA,NA,NA,NA,NA,NA,NA,NA,NA,NA,NA,NA,NA,NA,NA,NA,NA,NA,Aufstand,ugomaji,s,mazidio,msingi,kujieleza,sdf,NA,5
56b99,shallow,flow.Sequence,5_0_5_0_7_1,NA,NA,completion,13275.6,2147688.7,2147682.5,2147699.1,2160974.7,2160981,2024-05-07T08:54:48Z,2160990.9,NA,NA,NA,NA,NA,NA,NA,NA,NA,NA,NA,NA,NA,NA,NA,NA,NA,NA,NA,NA,Aufstand,ugomaji,s,mazidio,msingi,kujieleza,sdf,NA,5
56b99,task,flow.Sequence,5_0_5_0_7,NA,NA,completion,13275.6,2147688.5,2147682.5,2147699.1,2160974.7,2160981.1,2024-05-07T08:54:48Z,2160990.9,NA,NA,NA,NA,NA,NA,NA,NA,NA,NA,NA,NA,NA,NA,NA,NA,NA,NA,NA,NA,Aufstand,ugomaji,s,mazidio,msingi,kujieleza,sdf,NA,5
56b99,block,flow.Loop,5_0_5_0,NA,NA,completion,114579.69,2046400.4,2046395.01,2046395.01,2160974.7,2160981.2,2024-05-07T08:54:48Z,2160990.9,NA,NA,NA,NA,NA,NA,NA,NA,NA,NA,NA,NA,NA,NA,NA,NA,NA,NA,NA,NA,NA,NA,NA,NA,NA,NA,sdf,NA,5
56b99,weiter,canvas.Screen,5_0_5_1,sdf,keypress(Space),response,1592.9000000716,2160981.2,2160974.7,2160990.9,2162583.8000001,2162584.8000001,2024-05-07T08:54:50Z,2162590.622,NA,NA,NA,NA,NA,NA,NA,NA,NA,NA,NA,NA,NA,NA,NA,NA,NA,NA,NA,NA,NA,NA,NA,NA,NA,NA,sdf,NA,5
56b99,check continue,flow.Sequence,5_0_5,NA,NA,completion,116188.79000007,2046400.3000001,2046395.01,2046395.01,2162583.8000001,2162585.2,2024-05-07T08:54:50Z,2162590.622,NA,NA,NA,NA,NA,NA,NA,NA,NA,NA,NA,NA,NA,NA,NA,NA,NA,NA,NA,NA,NA,NA,NA,NA,NA,NA,sdf,NA,5
56b99,deep,flow.Sequence,5_0_6_0_0_0,NA,NA,skipped,NA,2162602.4,NA,NA,2162583.8000001,2162602.4,2024-05-07T08:54:50Z,2162590.622,NA,NA,NA,NA,NA,NA,NA,NA,NA,NA,NA,NA,NA,NA,NA,NA,NA,NA,NA,NA,Aufstand,ugomaji,s,mazidio,msingi,kujieleza,dfs,NA,6
56b99,Shallow Question,html.Page,5_0_6_0_0_1_0,ugomaji,NA,form submission,7827.378,2162602.5,2162590.622,2162590.622,2170418,2170418.1,2024-05-07T08:54:58Z,2170419.184,NA,NA,NA,NA,NA,NA,NA,NA,NA,NA,NA,NA,NA,NA,NA,NA,NA,NA,NA,NA,Aufstand,ugomaji,s,mazidio,msingi,kujieleza,NA,NA,6
56b99,"""Richtig""-Screen",canvas.Screen,5_0_6_0_0_1_1,NA,NA,timeout,4996.716,2170421,2170419.184,2170419.184,2175399,2175399.9,2024-05-07T08:55:03Z,2175415.9,NA,NA,NA,NA,NA,NA,NA,NA,NA,NA,NA,NA,NA,NA,NA,NA,NA,NA,NA,NA,Aufstand,ugomaji,s,mazidio,msingi,kujieleza,dfs,1,6
56b99,"""Falsch""-Screen",canvas.Screen,5_0_6_0_0_1_2,NA,NA,skipped,NA,2175405.2,NA,NA,2175399,2175405.4,2024-05-07T08:55:03Z,2175415.9,NA,NA,NA,NA,NA,NA,NA,NA,NA,NA,NA,NA,NA,NA,NA,NA,NA,NA,NA,NA,Aufstand,ugomaji,s,mazidio,msingi,kujieleza,dfs,NA,6
56b99,shallow,flow.Sequence,5_0_6_0_0_1,NA,NA,completion,12808.378,2162602.5,2162590.622,2162590.622,2175399,2175405.4,2024-05-07T08:55:03Z,2175415.9,NA,NA,NA,NA,NA,NA,NA,NA,NA,NA,NA,NA,NA,NA,NA,NA,NA,NA,NA,NA,Aufstand,ugomaji,s,mazidio,msingi,kujieleza,dfs,NA,6
56b99,task,flow.Sequence,5_0_6_0_0,NA,NA,completion,12808.378,2162602.4,2162590.622,2162590.622,2175399,2175405.5,2024-05-07T08:55:03Z,2175415.9,NA,NA,NA,NA,NA,NA,NA,NA,NA,NA,NA,NA,NA,NA,NA,NA,NA,NA,NA,NA,Aufstand,ugomaji,s,mazidio,msingi,kujieleza,dfs,NA,6
56b99,Deep Question,html.Page,5_0_6_0_1_0_0,dfg,NA,form submission,6990.4999999763,2175405.5,2175399,2175415.9,2182406.4,2182406.7,2024-05-07T08:55:10Z,2182411.2,NA,NA,NA,NA,NA,NA,NA,NA,NA,NA,NA,NA,NA,NA,NA,NA,NA,NA,NA,NA,Annäherung,maegesho,d,NA,NA,NA,NA,NA,6
56b99,"""Richtig""-Screen",canvas.Screen,5_0_6_0_1_0_1,NA,NA,skipped,NA,2182409.5,NA,NA,2182406.4,2182409.7,2024-05-07T08:55:10Z,2182411.2,NA,NA,NA,NA,NA,NA,NA,NA,NA,NA,NA,NA,NA,NA,NA,NA,NA,NA,NA,NA,Annäherung,maegesho,d,NA,NA,NA,dfs,NA,6
56b99,"""Falsch""-Screen",canvas.Screen,5_0_6_0_1_0_2,NA,NA,timeout,4997.0999999996,2182410.6,2182395.126,2182411.2,2187391.8,2187392.6,2024-05-07T08:55:15Z,2187408.3,NA,NA,NA,NA,NA,NA,NA,NA,NA,NA,NA,NA,NA,NA,NA,NA,NA,NA,NA,NA,Annäherung,maegesho,d,NA,NA,NA,dfs,0,6
56b99,deep,flow.Sequence,5_0_6_0_1_0,NA,NA,completion,11975.9,2175405.5,2175399,2175415.9,2187391.8,2187392.9,2024-05-07T08:55:15Z,2187408.3,NA,NA,NA,NA,NA,NA,NA,NA,NA,NA,NA,NA,NA,NA,NA,NA,NA,NA,NA,NA,Annäherung,maegesho,d,NA,NA,NA,dfs,NA,6
56b99,shallow,flow.Sequence,5_0_6_0_1_1,NA,NA,skipped,NA,2187393,NA,NA,2187391.8,2187393.2,2024-05-07T08:55:15Z,2187408.3,NA,NA,NA,NA,NA,NA,NA,NA,NA,NA,NA,NA,NA,NA,NA,NA,NA,NA,NA,NA,Annäherung,maegesho,d,NA,NA,NA,dfs,NA,6
56b99,task,flow.Sequence,5_0_6_0_1,NA,NA,completion,11975.9,2175405.5,2175399,2175415.9,2187391.8,2187393.4,2024-05-07T08:55:15Z,2187408.3,NA,NA,NA,NA,NA,NA,NA,NA,NA,NA,NA,NA,NA,NA,NA,NA,NA,NA,NA,NA,Annäherung,maegesho,d,NA,NA,NA,dfs,NA,6
56b99,deep,flow.Sequence,5_0_6_0_2_0,NA,NA,skipped,NA,2187393.5,NA,NA,2187391.8,2187393.6,2024-05-07T08:55:15Z,2187408.3,NA,NA,NA,NA,NA,NA,NA,NA,NA,NA,NA,NA,NA,NA,NA,NA,NA,NA,NA,NA,Beweis,ushahidi,s,marudio,kizuizi,mtendaji,dfs,NA,6
56b99,Shallow Question,html.Page,5_0_6_0_2_1_0,ushahidi,NA,form submission,5323.7000000002,2187393.7,2187391.8,2187408.3,2192732,2192732.2,2024-05-07T08:55:20Z,2192738.3,NA,NA,NA,NA,NA,NA,NA,NA,NA,NA,NA,NA,NA,NA,NA,NA,NA,NA,NA,NA,Beweis,ushahidi,s,marudio,kizuizi,mtendaji,NA,NA,6
56b99,"""Richtig""-Screen",canvas.Screen,5_0_6_0_2_1_1,NA,NA,timeout,4996.9000000004,2192735.2,2192722.9,2192738.3,2197718.7,2197719.6,2024-05-07T08:55:25Z,2197735.2,NA,NA,NA,NA,NA,NA,NA,NA,NA,NA,NA,NA,NA,NA,NA,NA,NA,NA,NA,NA,Beweis,ushahidi,s,marudio,kizuizi,mtendaji,dfs,1,6
56b99,"""Falsch""-Screen",canvas.Screen,5_0_6_0_2_1_2,NA,NA,skipped,NA,2197724.4,NA,NA,2197718.7,2197724.6,2024-05-07T08:55:25Z,2197735.2,NA,NA,NA,NA,NA,NA,NA,NA,NA,NA,NA,NA,NA,NA,NA,NA,NA,NA,NA,NA,Beweis,ushahidi,s,marudio,kizuizi,mtendaji,dfs,NA,6
56b99,shallow,flow.Sequence,5_0_6_0_2_1,NA,NA,completion,10310.4,2187393.7,2187391.8,2187408.3,2197718.7,2197724.8000001,2024-05-07T08:55:25Z,2197735.2,NA,NA,NA,NA,NA,NA,NA,NA,NA,NA,NA,NA,NA,NA,NA,NA,NA,NA,NA,NA,Beweis,ushahidi,s,marudio,kizuizi,mtendaji,dfs,NA,6
56b99,task,flow.Sequence,5_0_6_0_2,NA,NA,completion,10310.4,2187393.5,2187391.8,2187408.3,2197718.7,2197724.8000001,2024-05-07T08:55:25Z,2197735.2,NA,NA,NA,NA,NA,NA,NA,NA,NA,NA,NA,NA,NA,NA,NA,NA,NA,NA,NA,NA,Beweis,ushahidi,s,marudio,kizuizi,mtendaji,dfs,NA,6
56b99,deep,flow.Sequence,5_0_6_0_3_0,NA,NA,skipped,NA,2197724.8000001,NA,NA,2197718.7,2197724.8000001,2024-05-07T08:55:25Z,2197735.2,NA,NA,NA,NA,NA,NA,NA,NA,NA,NA,NA,NA,NA,NA,NA,NA,NA,NA,NA,NA,Prüfung,mtihani,s,mkulima,mtizamo,ufumbuzi,dfs,NA,6
56b99,Shallow Question,html.Page,5_0_6_0_3_1_0,mtihani,NA,form submission,5470.9000000237,2197724.9,2197718.7,2197735.2,2203206.1,2203206.4,2024-05-07T08:55:30Z,2203215.2,NA,NA,NA,NA,NA,NA,NA,NA,NA,NA,NA,NA,NA,NA,NA,NA,NA,NA,NA,NA,Prüfung,mtihani,s,mkulima,mtizamo,ufumbuzi,NA,NA,6
56b99,"""Richtig""-Screen",canvas.Screen,5_0_6_0_3_1_1,NA,NA,timeout,4996.8999999999,2203209.2,2203199.13,2203215.2,2208195.6,2208196.4,2024-05-07T08:55:35Z,2208212.1,NA,NA,NA,NA,NA,NA,NA,NA,NA,NA,NA,NA,NA,NA,NA,NA,NA,NA,NA,NA,Prüfung,mtihani,s,mkulima,mtizamo,ufumbuzi,dfs,1,6
56b99,"""Falsch""-Screen",canvas.Screen,5_0_6_0_3_1_2,NA,NA,skipped,NA,2208201,NA,NA,2208195.6,2208201.1,2024-05-07T08:55:35Z,2208212.1,NA,NA,NA,NA,NA,NA,NA,NA,NA,NA,NA,NA,NA,NA,NA,NA,NA,NA,NA,NA,Prüfung,mtihani,s,mkulima,mtizamo,ufumbuzi,dfs,NA,6
56b99,shallow,flow.Sequence,5_0_6_0_3_1,NA,NA,completion,10460.4,2197724.9,2197718.7,2197735.2,2208195.6,2208201.4,2024-05-07T08:55:35Z,2208212.1,NA,NA,NA,NA,NA,NA,NA,NA,NA,NA,NA,NA,NA,NA,NA,NA,NA,NA,NA,NA,Prüfung,mtihani,s,mkulima,mtizamo,ufumbuzi,dfs,NA,6
56b99,task,flow.Sequence,5_0_6_0_3,NA,NA,completion,10460.4,2197724.8000001,2197718.7,2197735.2,2208195.6,2208201.6,2024-05-07T08:55:35Z,2208212.1,NA,NA,NA,NA,NA,NA,NA,NA,NA,NA,NA,NA,NA,NA,NA,NA,NA,NA,NA,NA,Prüfung,mtihani,s,mkulima,mtizamo,ufumbuzi,dfs,NA,6
56b99,deep,flow.Sequence,5_0_6_0_4_0,NA,NA,skipped,NA,2208201.7,NA,NA,2208195.6,2208201.7,2024-05-07T08:55:35Z,2208212.1,NA,NA,NA,NA,NA,NA,NA,NA,NA,NA,NA,NA,NA,NA,NA,NA,NA,NA,NA,NA,Polizist,msongora,s,simanzi,mandhari,nidhamu,dfs,NA,6
56b99,Shallow Question,html.Page,5_0_6_0_4_1_0,msongora,NA,form submission,10074.200000071,2208201.7,2208195.6,2208212.1,2218286.3000001,2218286.5,2024-05-07T08:55:45Z,2218289.894,NA,NA,NA,NA,NA,NA,NA,NA,NA,NA,NA,NA,NA,NA,NA,NA,NA,NA,NA,NA,Polizist,msongora,s,simanzi,mandhari,nidhamu,NA,NA,6
56b99,"""Richtig""-Screen",canvas.Screen,5_0_6_0_4_1_1,NA,NA,timeout,4996.7060000002,2218289.5,2218289.894,2218289.894,2223269.9,2223270.7,2024-05-07T08:55:50Z,2223286.6,NA,NA,NA,NA,NA,NA,NA,NA,NA,NA,NA,NA,NA,NA,NA,NA,NA,NA,NA,NA,Polizist,msongora,s,simanzi,mandhari,nidhamu,dfs,1,6
56b99,"""Falsch""-Screen",canvas.Screen,5_0_6_0_4_1_2,NA,NA,skipped,NA,2223275.7,NA,NA,2223269.9,2223275.9,2024-05-07T08:55:50Z,2223286.6,NA,NA,NA,NA,NA,NA,NA,NA,NA,NA,NA,NA,NA,NA,NA,NA,NA,NA,NA,NA,Polizist,msongora,s,simanzi,mandhari,nidhamu,dfs,NA,6
56b99,shallow,flow.Sequence,5_0_6_0_4_1,NA,NA,completion,15057.8,2208201.7,2208195.6,2208212.1,2223269.9,2223276.1,2024-05-07T08:55:50Z,2223286.6,NA,NA,NA,NA,NA,NA,NA,NA,NA,NA,NA,NA,NA,NA,NA,NA,NA,NA,NA,NA,Polizist,msongora,s,simanzi,mandhari,nidhamu,dfs,NA,6
56b99,task,flow.Sequence,5_0_6_0_4,NA,NA,completion,15057.8,2208201.6,2208195.6,2208212.1,2223269.9,2223276.3000001,2024-05-07T08:55:50Z,2223286.6,NA,NA,NA,NA,NA,NA,NA,NA,NA,NA,NA,NA,NA,NA,NA,NA,NA,NA,NA,NA,Polizist,msongora,s,simanzi,mandhari,nidhamu,dfs,NA,6
56b99,Deep Question,html.Page,5_0_6_0_5_0_0,ds,NA,form submission,28985.299999976,2223276.5,2223269.9,2223286.6,2252271.9,2252272.2,2024-05-07T08:56:19Z,2252285.7,NA,NA,NA,NA,NA,NA,NA,NA,NA,NA,NA,NA,NA,NA,NA,NA,NA,NA,NA,NA,Sympathie,mapendano,d,NA,NA,NA,NA,NA,6
56b99,"""Richtig""-Screen",canvas.Screen,5_0_6_0_5_0_1,NA,NA,skipped,NA,2252275.3000001,NA,NA,2252271.9,2252275.4,2024-05-07T08:56:19Z,2252285.7,NA,NA,NA,NA,NA,NA,NA,NA,NA,NA,NA,NA,NA,NA,NA,NA,NA,NA,NA,NA,Sympathie,mapendano,d,NA,NA,NA,dfs,NA,6
56b99,"""Falsch""-Screen",canvas.Screen,5_0_6_0_5_0_2,NA,NA,timeout,4996.8999999999,2252276.1,2252269.128,2252285.7,2257266,2257266.9,2024-05-07T08:56:24Z,2257282.6,NA,NA,NA,NA,NA,NA,NA,NA,NA,NA,NA,NA,NA,NA,NA,NA,NA,NA,NA,NA,Sympathie,mapendano,d,NA,NA,NA,dfs,0,6
56b99,deep,flow.Sequence,5_0_6_0_5_0,NA,NA,completion,33979.4,2223276.4,2223269.9,2223286.6,2257266,2257267.2,2024-05-07T08:56:24Z,2257282.6,NA,NA,NA,NA,NA,NA,NA,NA,NA,NA,NA,NA,NA,NA,NA,NA,NA,NA,NA,NA,Sympathie,mapendano,d,NA,NA,NA,dfs,NA,6
56b99,shallow,flow.Sequence,5_0_6_0_5_1,NA,NA,skipped,NA,2257267.3000001,NA,NA,2257266,2257267.5,2024-05-07T08:56:24Z,2257282.6,NA,NA,NA,NA,NA,NA,NA,NA,NA,NA,NA,NA,NA,NA,NA,NA,NA,NA,NA,NA,Sympathie,mapendano,d,NA,NA,NA,dfs,NA,6
56b99,task,flow.Sequence,5_0_6_0_5,NA,NA,completion,33979.4,2223276.4,2223269.9,2223286.6,2257266,2257267.6,2024-05-07T08:56:24Z,2257282.6,NA,NA,NA,NA,NA,NA,NA,NA,NA,NA,NA,NA,NA,NA,NA,NA,NA,NA,NA,NA,Sympathie,mapendano,d,NA,NA,NA,dfs,NA,6
56b99,Deep Question,html.Page,5_0_6_0_6_0_0,s,NA,form submission,11811.600000048,2257267.7,2257266,2257282.6,2269094.2,2269094.4,2024-05-07T08:56:36Z,2269108.4,NA,NA,NA,NA,NA,NA,NA,NA,NA,NA,NA,NA,NA,NA,NA,NA,NA,NA,NA,NA,Verzögerung,kuchelewa,d,NA,NA,NA,NA,NA,6
56b99,"""Richtig""-Screen",canvas.Screen,5_0_6_0_6_0_1,NA,NA,skipped,NA,2269097.5,NA,NA,2269094.2,2269097.6,2024-05-07T08:56:36Z,2269108.4,NA,NA,NA,NA,NA,NA,NA,NA,NA,NA,NA,NA,NA,NA,NA,NA,NA,NA,NA,NA,Verzögerung,kuchelewa,d,NA,NA,NA,dfs,NA,6
56b99,"""Falsch""-Screen",canvas.Screen,5_0_6_0_6_0_2,NA,NA,timeout,4997.3000000003,2269098.3000001,2269092.906,2269108.4,2274088.9,2274089.4,2024-05-07T08:56:41Z,2274105.7,NA,NA,NA,NA,NA,NA,NA,NA,NA,NA,NA,NA,NA,NA,NA,NA,NA,NA,NA,NA,Verzögerung,kuchelewa,d,NA,NA,NA,dfs,0,6
56b99,deep,flow.Sequence,5_0_6_0_6_0,NA,NA,completion,16806.3,2257267.7,2257266,2257282.6,2274088.9,2274089.4,2024-05-07T08:56:41Z,2274105.7,NA,NA,NA,NA,NA,NA,NA,NA,NA,NA,NA,NA,NA,NA,NA,NA,NA,NA,NA,NA,Verzögerung,kuchelewa,d,NA,NA,NA,dfs,NA,6
56b99,shallow,flow.Sequence,5_0_6_0_6_1,NA,NA,skipped,NA,2274089.5,NA,NA,2274088.9,2274089.5,2024-05-07T08:56:41Z,2274105.7,NA,NA,NA,NA,NA,NA,NA,NA,NA,NA,NA,NA,NA,NA,NA,NA,NA,NA,NA,NA,Verzögerung,kuchelewa,d,NA,NA,NA,dfs,NA,6
56b99,task,flow.Sequence,5_0_6_0_6,NA,NA,completion,16806.3,2257267.6,2257266,2257282.6,2274088.9,2274089.5,2024-05-07T08:56:41Z,2274105.7,NA,NA,NA,NA,NA,NA,NA,NA,NA,NA,NA,NA,NA,NA,NA,NA,NA,NA,NA,NA,Verzögerung,kuchelewa,d,NA,NA,NA,dfs,NA,6
56b99,Deep Question,html.Page,5_0_6_0_7_0_0,c,NA,form submission,7016.4000000237,2274089.6,2274088.9,2274105.7,2281122.1,2281122.4,2024-05-07T08:56:48Z,2281134.7,NA,NA,NA,NA,NA,NA,NA,NA,NA,NA,NA,NA,NA,NA,NA,NA,NA,NA,NA,NA,Kultur,utamaduni,d,NA,NA,NA,NA,NA,6
56b99,"""Richtig""-Screen",canvas.Screen,5_0_6_0_7_0_1,NA,NA,skipped,NA,2281125.3000001,NA,NA,2281122.1,2281125.5,2024-05-07T08:56:48Z,2281134.7,NA,NA,NA,NA,NA,NA,NA,NA,NA,NA,NA,NA,NA,NA,NA,NA,NA,NA,NA,NA,Kultur,utamaduni,d,NA,NA,NA,dfs,NA,6
56b99,"""Falsch""-Screen",canvas.Screen,5_0_6_0_7_0_2,NA,NA,timeout,4996.5,2281126.2,2281118.128,2281134.7,2286115,2286115.7,2024-05-07T08:56:53Z,2286131.2,NA,NA,NA,NA,NA,NA,NA,NA,NA,NA,NA,NA,NA,NA,NA,NA,NA,NA,NA,NA,Kultur,utamaduni,d,NA,NA,NA,dfs,0,6
56b99,deep,flow.Sequence,5_0_6_0_7_0,NA,NA,completion,12009.3,2274089.6,2274088.9,2274105.7,2286115,2286115.9,2024-05-07T08:56:53Z,2286131.2,NA,NA,NA,NA,NA,NA,NA,NA,NA,NA,NA,NA,NA,NA,NA,NA,NA,NA,NA,NA,Kultur,utamaduni,d,NA,NA,NA,dfs,NA,6
56b99,shallow,flow.Sequence,5_0_6_0_7_1,NA,NA,skipped,NA,2286115.9,NA,NA,2286115,2286116,2024-05-07T08:56:53Z,2286131.2,NA,NA,NA,NA,NA,NA,NA,NA,NA,NA,NA,NA,NA,NA,NA,NA,NA,NA,NA,NA,Kultur,utamaduni,d,NA,NA,NA,dfs,NA,6
56b99,task,flow.Sequence,5_0_6_0_7,NA,NA,completion,12009.3,2274089.6,2274088.9,2274105.7,2286115,2286116,2024-05-07T08:56:53Z,2286131.2,NA,NA,NA,NA,NA,NA,NA,NA,NA,NA,NA,NA,NA,NA,NA,NA,NA,NA,NA,NA,Kultur,utamaduni,d,NA,NA,NA,dfs,NA,6
56b99,block,flow.Loop,5_0_6_0,NA,NA,completion,123524.378,2162602.4,2162590.622,2162590.622,2286115,2286116.2,2024-05-07T08:56:53Z,2286131.2,NA,NA,NA,NA,NA,NA,NA,NA,NA,NA,NA,NA,NA,NA,NA,NA,NA,NA,NA,NA,NA,NA,NA,NA,NA,NA,dfs,NA,6
56b99,weiter,canvas.Screen,5_0_6_1,sdf,keypress(Space),response,1368.6000000713,2286116.3000001,2286115,2286131.2,2287499.8000001,2287500.7,2024-05-07T08:56:55Z,2287514.478,NA,NA,NA,NA,NA,NA,NA,NA,NA,NA,NA,NA,NA,NA,NA,NA,NA,NA,NA,NA,NA,NA,NA,NA,NA,NA,dfs,NA,6
56b99,check continue,flow.Sequence,5_0_6,NA,NA,completion,124909.17800007,2162602.3000001,2162590.622,2162590.622,2287499.8000001,2287500.9,2024-05-07T08:56:55Z,2287514.478,NA,NA,NA,NA,NA,NA,NA,NA,NA,NA,NA,NA,NA,NA,NA,NA,NA,NA,NA,NA,NA,NA,NA,NA,NA,NA,dfs,NA,6
56b99,deep,flow.Sequence,5_0_7_0_0_0,NA,NA,skipped,NA,2287518.7,NA,NA,2287499.8000001,2287518.9,2024-05-07T08:56:55Z,2287514.478,NA,NA,NA,NA,NA,NA,NA,NA,NA,NA,NA,NA,NA,NA,NA,NA,NA,NA,NA,NA,Prüfung,mtihani,s,mkulima,mtizamo,ufumbuzi,df,NA,7
56b99,Shallow Question,html.Page,5_0_7_0_0_1_0,mtihani,NA,form submission,7567.421999976,2287518.9,2287514.478,2287514.478,2295081.9,2295082.2,2024-05-07T08:57:02Z,2295092.7,NA,NA,NA,NA,NA,NA,NA,NA,NA,NA,NA,NA,NA,NA,NA,NA,NA,NA,NA,NA,Prüfung,mtihani,s,mkulima,mtizamo,ufumbuzi,NA,NA,7
56b99,"""Richtig""-Screen",canvas.Screen,5_0_7_0_0_1_1,NA,NA,timeout,4997.0999999996,2295084.9,2295076.4,2295092.7,2300073,2300073.8000001,2024-05-07T08:57:07Z,2300089.8,NA,NA,NA,NA,NA,NA,NA,NA,NA,NA,NA,NA,NA,NA,NA,NA,NA,NA,NA,NA,Prüfung,mtihani,s,mkulima,mtizamo,ufumbuzi,df,1,7
56b99,"""Falsch""-Screen",canvas.Screen,5_0_7_0_0_1_2,NA,NA,skipped,NA,2300078.4,NA,NA,2300073,2300078.6,2024-05-07T08:57:07Z,2300089.8,NA,NA,NA,NA,NA,NA,NA,NA,NA,NA,NA,NA,NA,NA,NA,NA,NA,NA,NA,NA,Prüfung,mtihani,s,mkulima,mtizamo,ufumbuzi,df,NA,7
56b99,shallow,flow.Sequence,5_0_7_0_0_1,NA,NA,completion,12558.522,2287518.9,2287514.478,2287514.478,2300073,2300078.8000001,2024-05-07T08:57:07Z,2300089.8,NA,NA,NA,NA,NA,NA,NA,NA,NA,NA,NA,NA,NA,NA,NA,NA,NA,NA,NA,NA,Prüfung,mtihani,s,mkulima,mtizamo,ufumbuzi,df,NA,7
56b99,task,flow.Sequence,5_0_7_0_0,NA,NA,completion,12558.522,2287518.7,2287514.478,2287514.478,2300073,2300079,2024-05-07T08:57:07Z,2300089.8,NA,NA,NA,NA,NA,NA,NA,NA,NA,NA,NA,NA,NA,NA,NA,NA,NA,NA,NA,NA,Prüfung,mtihani,s,mkulima,mtizamo,ufumbuzi,df,NA,7
56b99,Deep Question,html.Page,5_0_7_0_1_0_0,matendo,NA,form submission,25098.000000072,2300079.1,2300073,2300089.8,2325187.8000001,2325188.1,2024-05-07T08:57:32Z,2325207.8,NA,NA,NA,NA,NA,NA,NA,NA,NA,NA,NA,NA,NA,NA,NA,NA,NA,NA,NA,NA,Sympathie,mapendano,d,NA,NA,NA,NA,NA,7
56b99,"""Richtig""-Screen",canvas.Screen,5_0_7_0_1_0_1,NA,NA,skipped,NA,2325191.3000001,NA,NA,2325187.8000001,2325191.5,2024-05-07T08:57:32Z,2325207.8,NA,NA,NA,NA,NA,NA,NA,NA,NA,NA,NA,NA,NA,NA,NA,NA,NA,NA,NA,NA,Sympathie,mapendano,d,NA,NA,NA,df,NA,7
56b99,"""Falsch""-Screen",canvas.Screen,5_0_7_0_1_0_2,NA,NA,timeout,4997.2000000002,2325192.4,2325191.432,2325207.8,2330188.2,2330189,2024-05-07T08:57:37Z,2330205,NA,NA,NA,NA,NA,NA,NA,NA,NA,NA,NA,NA,NA,NA,NA,NA,NA,NA,NA,NA,Sympathie,mapendano,d,NA,NA,NA,df,0,7
56b99,deep,flow.Sequence,5_0_7_0_1_0,NA,NA,completion,30098.4,2300079.1,2300073,2300089.8,2330188.2,2330189.3000001,2024-05-07T08:57:37Z,2330205,NA,NA,NA,NA,NA,NA,NA,NA,NA,NA,NA,NA,NA,NA,NA,NA,NA,NA,NA,NA,Sympathie,mapendano,d,NA,NA,NA,df,NA,7
56b99,shallow,flow.Sequence,5_0_7_0_1_1,NA,NA,skipped,NA,2330189.4,NA,NA,2330188.2,2330189.5,2024-05-07T08:57:37Z,2330205,NA,NA,NA,NA,NA,NA,NA,NA,NA,NA,NA,NA,NA,NA,NA,NA,NA,NA,NA,NA,Sympathie,mapendano,d,NA,NA,NA,df,NA,7
56b99,task,flow.Sequence,5_0_7_0_1,NA,NA,completion,30098.4,2300079.1,2300073,2300089.8,2330188.2,2330189.7,2024-05-07T08:57:37Z,2330205,NA,NA,NA,NA,NA,NA,NA,NA,NA,NA,NA,NA,NA,NA,NA,NA,NA,NA,NA,NA,Sympathie,mapendano,d,NA,NA,NA,df,NA,7
56b99,Deep Question,html.Page,5_0_7_0_2_0_0,c,NA,form submission,9609.3000000715,2330189.9,2330188.2,2330205,2339814.3000001,2339814.6,2024-05-07T08:57:47Z,2339815.528,NA,NA,NA,NA,NA,NA,NA,NA,NA,NA,NA,NA,NA,NA,NA,NA,NA,NA,NA,NA,Verzögerung,kuchelewa,d,NA,NA,NA,NA,NA,7
56b99,"""Richtig""-Screen",canvas.Screen,5_0_7_0_2_0_1,NA,NA,skipped,NA,2339817.9,NA,NA,2339814.3000001,2339818.1,2024-05-07T08:57:47Z,2339815.528,NA,NA,NA,NA,NA,NA,NA,NA,NA,NA,NA,NA,NA,NA,NA,NA,NA,NA,NA,NA,Verzögerung,kuchelewa,d,NA,NA,NA,df,NA,7
56b99,"""Falsch""-Screen",canvas.Screen,5_0_7_0_2_0_2,NA,NA,timeout,4996.9720000001,2339818.8000001,2339815.528,2339815.528,2344795.6,2344796.5,2024-05-07T08:57:52Z,2344812.5,NA,NA,NA,NA,NA,NA,NA,NA,NA,NA,NA,NA,NA,NA,NA,NA,NA,NA,NA,NA,Verzögerung,kuchelewa,d,NA,NA,NA,df,0,7
56b99,deep,flow.Sequence,5_0_7_0_2_0,NA,NA,completion,14590.6,2330189.9,2330188.2,2330205,2344795.6,2344796.8000001,2024-05-07T08:57:52Z,2344812.5,NA,NA,NA,NA,NA,NA,NA,NA,NA,NA,NA,NA,NA,NA,NA,NA,NA,NA,NA,NA,Verzögerung,kuchelewa,d,NA,NA,NA,df,NA,7
56b99,shallow,flow.Sequence,5_0_7_0_2_1,NA,NA,skipped,NA,2344796.9,NA,NA,2344795.6,2344797.1,2024-05-07T08:57:52Z,2344812.5,NA,NA,NA,NA,NA,NA,NA,NA,NA,NA,NA,NA,NA,NA,NA,NA,NA,NA,NA,NA,Verzögerung,kuchelewa,d,NA,NA,NA,df,NA,7
56b99,task,flow.Sequence,5_0_7_0_2,NA,NA,completion,14590.6,2330189.8000001,2330188.2,2330205,2344795.6,2344797.2,2024-05-07T08:57:52Z,2344812.5,NA,NA,NA,NA,NA,NA,NA,NA,NA,NA,NA,NA,NA,NA,NA,NA,NA,NA,NA,NA,Verzögerung,kuchelewa,d,NA,NA,NA,df,NA,7
56b99,Deep Question,html.Page,5_0_7_0_3_0_0,s,NA,form submission,4200.3999999762,2344797.4,2344795.6,2344812.5,2349012.9,2349013.1,2024-05-07T08:57:56Z,2349043.4,NA,NA,NA,NA,NA,NA,NA,NA,NA,NA,NA,NA,NA,NA,NA,NA,NA,NA,NA,NA,Kultur,utamaduni,d,NA,NA,NA,NA,NA,7
56b99,"""Richtig""-Screen",canvas.Screen,5_0_7_0_3_0_1,NA,NA,skipped,NA,2349016.2,NA,NA,2349012.9,2349016.3000001,2024-05-07T08:57:56Z,2349043.4,NA,NA,NA,NA,NA,NA,NA,NA,NA,NA,NA,NA,NA,NA,NA,NA,NA,NA,NA,NA,Kultur,utamaduni,d,NA,NA,NA,df,NA,7
56b99,"""Falsch""-Screen",canvas.Screen,5_0_7_0_3_0_2,NA,NA,timeout,4996.8000000003,2349017.1,2349026.822,2349043.4,2354023.5,2354024.3000001,2024-05-07T08:58:01Z,2354040.2,NA,NA,NA,NA,NA,NA,NA,NA,NA,NA,NA,NA,NA,NA,NA,NA,NA,NA,NA,NA,Kultur,utamaduni,d,NA,NA,NA,df,0,7
56b99,deep,flow.Sequence,5_0_7_0_3_0,NA,NA,completion,9211,2344797.4,2344795.6,2344812.5,2354023.5,2354024.7,2024-05-07T08:58:01Z,2354040.2,NA,NA,NA,NA,NA,NA,NA,NA,NA,NA,NA,NA,NA,NA,NA,NA,NA,NA,NA,NA,Kultur,utamaduni,d,NA,NA,NA,df,NA,7
56b99,shallow,flow.Sequence,5_0_7_0_3_1,NA,NA,skipped,NA,2354024.8000001,NA,NA,2354023.5,2354024.9,2024-05-07T08:58:01Z,2354040.2,NA,NA,NA,NA,NA,NA,NA,NA,NA,NA,NA,NA,NA,NA,NA,NA,NA,NA,NA,NA,Kultur,utamaduni,d,NA,NA,NA,df,NA,7
56b99,task,flow.Sequence,5_0_7_0_3,NA,NA,completion,9211,2344797.3000001,2344795.6,2344812.5,2354023.5,2354025.1,2024-05-07T08:58:01Z,2354040.2,NA,NA,NA,NA,NA,NA,NA,NA,NA,NA,NA,NA,NA,NA,NA,NA,NA,NA,NA,NA,Kultur,utamaduni,d,NA,NA,NA,df,NA,7
56b99,deep,flow.Sequence,5_0_7_0_4_0,NA,NA,skipped,NA,2354025.2,NA,NA,2354023.5,2354025.3000001,2024-05-07T08:58:01Z,2354040.2,NA,NA,NA,NA,NA,NA,NA,NA,NA,NA,NA,NA,NA,NA,NA,NA,NA,NA,NA,NA,Aufstand,ugomaji,s,mazidio,msingi,kujieleza,df,NA,7
56b99,Shallow Question,html.Page,5_0_7_0_4_1_0,ugomaji,NA,form submission,8193.6000000713,2354025.4,2354023.5,2354040.2,2362233.8000001,2362234,2024-05-07T08:58:09Z,2362235.062,NA,NA,NA,NA,NA,NA,NA,NA,NA,NA,NA,NA,NA,NA,NA,NA,NA,NA,NA,NA,Aufstand,ugomaji,s,mazidio,msingi,kujieleza,NA,NA,7
56b99,"""Richtig""-Screen",canvas.Screen,5_0_7_0_4_1_1,NA,NA,timeout,4996.9380000001,2362237.1,2362235.062,2362235.062,2367215.5,2367216.3000001,2024-05-07T08:58:14Z,2367232,NA,NA,NA,NA,NA,NA,NA,NA,NA,NA,NA,NA,NA,NA,NA,NA,NA,NA,NA,NA,Aufstand,ugomaji,s,mazidio,msingi,kujieleza,df,1,7
56b99,"""Falsch""-Screen",canvas.Screen,5_0_7_0_4_1_2,NA,NA,skipped,NA,2367221,NA,NA,2367215.5,2367221.1,2024-05-07T08:58:14Z,2367232,NA,NA,NA,NA,NA,NA,NA,NA,NA,NA,NA,NA,NA,NA,NA,NA,NA,NA,NA,NA,Aufstand,ugomaji,s,mazidio,msingi,kujieleza,df,NA,7
56b99,shallow,flow.Sequence,5_0_7_0_4_1,NA,NA,completion,13175.3,2354025.4,2354023.5,2354040.2,2367215.5,2367221.4,2024-05-07T08:58:14Z,2367232,NA,NA,NA,NA,NA,NA,NA,NA,NA,NA,NA,NA,NA,NA,NA,NA,NA,NA,NA,NA,Aufstand,ugomaji,s,mazidio,msingi,kujieleza,df,NA,7
56b99,task,flow.Sequence,5_0_7_0_4,NA,NA,completion,13175.3,2354025.2,2354023.5,2354040.2,2367215.5,2367221.5,2024-05-07T08:58:14Z,2367232,NA,NA,NA,NA,NA,NA,NA,NA,NA,NA,NA,NA,NA,NA,NA,NA,NA,NA,NA,NA,Aufstand,ugomaji,s,mazidio,msingi,kujieleza,df,NA,7
56b99,deep,flow.Sequence,5_0_7_0_5_0,NA,NA,skipped,NA,2367221.6,NA,NA,2367215.5,2367221.7,2024-05-07T08:58:14Z,2367232,NA,NA,NA,NA,NA,NA,NA,NA,NA,NA,NA,NA,NA,NA,NA,NA,NA,NA,NA,NA,Polizist,msongora,s,simanzi,mandhari,nidhamu,df,NA,7
56b99,Shallow Question,html.Page,5_0_7_0_5_1_0,msongora,NA,form submission,11233.700000048,2367221.8000001,2367215.5,2367232,2378465.7,2378465.9,2024-05-07T08:58:26Z,2378475.1,NA,NA,NA,NA,NA,NA,NA,NA,NA,NA,NA,NA,NA,NA,NA,NA,NA,NA,NA,NA,Polizist,msongora,s,simanzi,mandhari,nidhamu,NA,NA,7
56b99,"""Richtig""-Screen",canvas.Screen,5_0_7_0_5_1_1,NA,NA,timeout,4996.7999999998,2378468.9,2378458.82,2378475.1,2383455.7,2383456.7,2024-05-07T08:58:31Z,2383471.9,NA,NA,NA,NA,NA,NA,NA,NA,NA,NA,NA,NA,NA,NA,NA,NA,NA,NA,NA,NA,Polizist,msongora,s,simanzi,mandhari,nidhamu,df,1,7
56b99,"""Falsch""-Screen",canvas.Screen,5_0_7_0_5_1_2,NA,NA,skipped,NA,2383462,NA,NA,2383455.7,2383462.2,2024-05-07T08:58:31Z,2383471.9,NA,NA,NA,NA,NA,NA,NA,NA,NA,NA,NA,NA,NA,NA,NA,NA,NA,NA,NA,NA,Polizist,msongora,s,simanzi,mandhari,nidhamu,df,NA,7
56b99,shallow,flow.Sequence,5_0_7_0_5_1,NA,NA,completion,16223.7,2367221.8000001,2367215.5,2367232,2383455.7,2383462.4,2024-05-07T08:58:31Z,2383471.9,NA,NA,NA,NA,NA,NA,NA,NA,NA,NA,NA,NA,NA,NA,NA,NA,NA,NA,NA,NA,Polizist,msongora,s,simanzi,mandhari,nidhamu,df,NA,7
56b99,task,flow.Sequence,5_0_7_0_5,NA,NA,completion,16223.7,2367221.6,2367215.5,2367232,2383455.7,2383462.7,2024-05-07T08:58:31Z,2383471.9,NA,NA,NA,NA,NA,NA,NA,NA,NA,NA,NA,NA,NA,NA,NA,NA,NA,NA,NA,NA,Polizist,msongora,s,simanzi,mandhari,nidhamu,df,NA,7
56b99,deep,flow.Sequence,5_0_7_0_6_0,NA,NA,skipped,NA,2383462.8000001,NA,NA,2383455.7,2383462.8000001,2024-05-07T08:58:31Z,2383471.9,NA,NA,NA,NA,NA,NA,NA,NA,NA,NA,NA,NA,NA,NA,NA,NA,NA,NA,NA,NA,Beweis,ushahidi,s,marudio,kizuizi,mtendaji,df,NA,7
56b99,Shallow Question,html.Page,5_0_7_0_6_1_0,ushahidi,NA,form submission,5186.7000000239,2383463,2383455.7,2383471.9,2388658.6,2388658.9,2024-05-07T08:58:36Z,2388685.7,NA,NA,NA,NA,NA,NA,NA,NA,NA,NA,NA,NA,NA,NA,NA,NA,NA,NA,NA,NA,Beweis,ushahidi,s,marudio,kizuizi,mtendaji,NA,NA,7
56b99,"""Richtig""-Screen",canvas.Screen,5_0_7_0_6_1_1,NA,NA,timeout,4997.0999999996,2388661.7,2388669.23,2388685.7,2393665.9,2393666.9,2024-05-07T08:58:41Z,2393682.8,NA,NA,NA,NA,NA,NA,NA,NA,NA,NA,NA,NA,NA,NA,NA,NA,NA,NA,NA,NA,Beweis,ushahidi,s,marudio,kizuizi,mtendaji,df,1,7
56b99,"""Falsch""-Screen",canvas.Screen,5_0_7_0_6_1_2,NA,NA,skipped,NA,2393672,NA,NA,2393665.9,2393672.2,2024-05-07T08:58:41Z,2393682.8,NA,NA,NA,NA,NA,NA,NA,NA,NA,NA,NA,NA,NA,NA,NA,NA,NA,NA,NA,NA,Beweis,ushahidi,s,marudio,kizuizi,mtendaji,df,NA,7
56b99,shallow,flow.Sequence,5_0_7_0_6_1,NA,NA,completion,10194,2383463,2383455.7,2383471.9,2393665.9,2393672.3000001,2024-05-07T08:58:41Z,2393682.8,NA,NA,NA,NA,NA,NA,NA,NA,NA,NA,NA,NA,NA,NA,NA,NA,NA,NA,NA,NA,Beweis,ushahidi,s,marudio,kizuizi,mtendaji,df,NA,7
56b99,task,flow.Sequence,5_0_7_0_6,NA,NA,completion,10194,2383462.7,2383455.7,2383471.9,2393665.9,2393672.3000001,2024-05-07T08:58:41Z,2393682.8,NA,NA,NA,NA,NA,NA,NA,NA,NA,NA,NA,NA,NA,NA,NA,NA,NA,NA,NA,NA,Beweis,ushahidi,s,marudio,kizuizi,mtendaji,df,NA,7
56b99,Deep Question,html.Page,5_0_7_0_7_0_0,s,NA,form submission,5100.4000000479,2393672.3000001,2393665.9,2393682.8,2398783.2,2398783.4,2024-05-07T08:58:46Z,2398795.8,NA,NA,NA,NA,NA,NA,NA,NA,NA,NA,NA,NA,NA,NA,NA,NA,NA,NA,NA,NA,Annäherung,maegesho,d,NA,NA,NA,NA,NA,7
56b99,"""Richtig""-Screen",canvas.Screen,5_0_7_0_7_0_1,NA,NA,skipped,NA,2398786.1,NA,NA,2398783.2,2398786.3000001,2024-05-07T08:58:46Z,2398795.8,NA,NA,NA,NA,NA,NA,NA,NA,NA,NA,NA,NA,NA,NA,NA,NA,NA,NA,NA,NA,Annäherung,maegesho,d,NA,NA,NA,df,NA,7
56b99,"""Falsch""-Screen",canvas.Screen,5_0_7_0_7_0_2,NA,NA,timeout,4997.3000000003,2398787,2398779.732,2398795.8,2403776.7,2403777.5,2024-05-07T08:58:51Z,2403793.1,NA,NA,NA,NA,NA,NA,NA,NA,NA,NA,NA,NA,NA,NA,NA,NA,NA,NA,NA,NA,Annäherung,maegesho,d,NA,NA,NA,df,0,7
56b99,deep,flow.Sequence,5_0_7_0_7_0,NA,NA,completion,10093.9,2393672.3000001,2393665.9,2393682.8,2403776.7,2403777.9,2024-05-07T08:58:51Z,2403793.1,NA,NA,NA,NA,NA,NA,NA,NA,NA,NA,NA,NA,NA,NA,NA,NA,NA,NA,NA,NA,Annäherung,maegesho,d,NA,NA,NA,df,NA,7
56b99,shallow,flow.Sequence,5_0_7_0_7_1,NA,NA,skipped,NA,2403778.1,NA,NA,2403776.7,2403778.2,2024-05-07T08:58:51Z,2403793.1,NA,NA,NA,NA,NA,NA,NA,NA,NA,NA,NA,NA,NA,NA,NA,NA,NA,NA,NA,NA,Annäherung,maegesho,d,NA,NA,NA,df,NA,7
56b99,task,flow.Sequence,5_0_7_0_7,NA,NA,completion,10093.9,2393672.3000001,2393665.9,2393682.8,2403776.7,2403778.4,2024-05-07T08:58:51Z,2403793.1,NA,NA,NA,NA,NA,NA,NA,NA,NA,NA,NA,NA,NA,NA,NA,NA,NA,NA,NA,NA,Annäherung,maegesho,d,NA,NA,NA,df,NA,7
56b99,block,flow.Loop,5_0_7_0,NA,NA,completion,116262.222,2287518.7,2287514.478,2287514.478,2403776.7,2403778.6,2024-05-07T08:58:51Z,2403793.1,NA,NA,NA,NA,NA,NA,NA,NA,NA,NA,NA,NA,NA,NA,NA,NA,NA,NA,NA,NA,NA,NA,NA,NA,NA,NA,df,NA,7
56b99,weiter,canvas.Screen,5_0_7_1,sdf,keypress(Space),response,1636.1000000476,2403778.7,2403776.7,2403793.1,2405429.2,2405430.2,2024-05-07T08:58:53Z,2405458.4,NA,NA,NA,NA,NA,NA,NA,NA,NA,NA,NA,NA,NA,NA,NA,NA,NA,NA,NA,NA,NA,NA,NA,NA,NA,NA,df,NA,7
56b99,check continue,flow.Sequence,5_0_7,NA,NA,completion,117914.72200005,2287518.7,2287514.478,2287514.478,2405429.2,2405430.4,2024-05-07T08:58:53Z,2405458.4,NA,NA,NA,NA,NA,NA,NA,NA,NA,NA,NA,NA,NA,NA,NA,NA,NA,NA,NA,NA,NA,NA,NA,NA,NA,NA,df,NA,7
56b99,Deep Question,html.Page,5_0_8_0_0_0_0,magesho,NA,form submission,14533.800000048,2405458.4,2405442.48,2405458.4,2419992.2,2419992.5,2024-05-07T08:59:07Z,2419999.5,NA,NA,NA,NA,NA,NA,NA,NA,NA,NA,NA,NA,NA,NA,NA,NA,NA,NA,NA,NA,Annäherung,maegesho,d,NA,NA,NA,NA,NA,8
56b99,"""Richtig""-Screen",canvas.Screen,5_0_8_0_0_0_1,NA,NA,skipped,NA,2419995.7,NA,NA,2419992.2,2419995.8000001,2024-05-07T08:59:07Z,2419999.5,NA,NA,NA,NA,NA,NA,NA,NA,NA,NA,NA,NA,NA,NA,NA,NA,NA,NA,NA,NA,Annäherung,maegesho,d,NA,NA,NA,dfs,NA,8
56b99,"""Falsch""-Screen",canvas.Screen,5_0_8_0_0_0_2,NA,NA,timeout,4997.5,2419996.5,2419983.328,2419999.5,2424980.2,2424980.9,2024-05-07T08:59:12Z,2424997,NA,NA,NA,NA,NA,NA,NA,NA,NA,NA,NA,NA,NA,NA,NA,NA,NA,NA,NA,NA,Annäherung,maegesho,d,NA,NA,NA,dfs,0,8
56b99,deep,flow.Sequence,5_0_8_0_0_0,NA,NA,completion,19521.8,2405457.9,2405442.48,2405458.4,2424980.2,2424981.3000001,2024-05-07T08:59:12Z,2424997,NA,NA,NA,NA,NA,NA,NA,NA,NA,NA,NA,NA,NA,NA,NA,NA,NA,NA,NA,NA,Annäherung,maegesho,d,NA,NA,NA,dfs,NA,8
56b99,shallow,flow.Sequence,5_0_8_0_0_1,NA,NA,skipped,NA,2424981.4,NA,NA,2424980.2,2424981.4,2024-05-07T08:59:12Z,2424997,NA,NA,NA,NA,NA,NA,NA,NA,NA,NA,NA,NA,NA,NA,NA,NA,NA,NA,NA,NA,Annäherung,maegesho,d,NA,NA,NA,dfs,NA,8
56b99,task,flow.Sequence,5_0_8_0_0,NA,NA,completion,19521.8,2405457.9,2405442.48,2405458.4,2424980.2,2424981.5,2024-05-07T08:59:12Z,2424997,NA,NA,NA,NA,NA,NA,NA,NA,NA,NA,NA,NA,NA,NA,NA,NA,NA,NA,NA,NA,Annäherung,maegesho,d,NA,NA,NA,dfs,NA,8
56b99,deep,flow.Sequence,5_0_8_0_1_0,NA,NA,skipped,NA,2424981.7,NA,NA,2424980.2,2424981.7,2024-05-07T08:59:12Z,2424997,NA,NA,NA,NA,NA,NA,NA,NA,NA,NA,NA,NA,NA,NA,NA,NA,NA,NA,NA,NA,Aufstand,ugomaji,s,mazidio,msingi,kujieleza,dfs,NA,8
56b99,Shallow Question,html.Page,5_0_8_0_1_1_0,ugomaji,NA,form submission,6373.3999999762,2424981.8000001,2424980.2,2424997,2431370.4,2431370.8000001,2024-05-07T08:59:19Z,2431375.9,NA,NA,NA,NA,NA,NA,NA,NA,NA,NA,NA,NA,NA,NA,NA,NA,NA,NA,NA,NA,Aufstand,ugomaji,s,mazidio,msingi,kujieleza,NA,NA,8
56b99,"""Richtig""-Screen",canvas.Screen,5_0_8_0_1_1_1,NA,NA,timeout,4997.3999999999,2431373.8000001,2431359.8,2431375.9,2436356.8,2436357.7,2024-05-07T08:59:24Z,2436373.3,NA,NA,NA,NA,NA,NA,NA,NA,NA,NA,NA,NA,NA,NA,NA,NA,NA,NA,NA,NA,Aufstand,ugomaji,s,mazidio,msingi,kujieleza,dfs,1,8
56b99,"""Falsch""-Screen",canvas.Screen,5_0_8_0_1_1_2,NA,NA,skipped,NA,2436362.9,NA,NA,2436356.8,2436363,2024-05-07T08:59:24Z,2436373.3,NA,NA,NA,NA,NA,NA,NA,NA,NA,NA,NA,NA,NA,NA,NA,NA,NA,NA,NA,NA,Aufstand,ugomaji,s,mazidio,msingi,kujieleza,dfs,NA,8
56b99,shallow,flow.Sequence,5_0_8_0_1_1,NA,NA,completion,11359.8,2424981.8000001,2424980.2,2424997,2436356.8,2436363.1,2024-05-07T08:59:24Z,2436373.3,NA,NA,NA,NA,NA,NA,NA,NA,NA,NA,NA,NA,NA,NA,NA,NA,NA,NA,NA,NA,Aufstand,ugomaji,s,mazidio,msingi,kujieleza,dfs,NA,8
56b99,task,flow.Sequence,5_0_8_0_1,NA,NA,completion,11359.8,2424981.6,2424980.2,2424997,2436356.8,2436363.2,2024-05-07T08:59:24Z,2436373.3,NA,NA,NA,NA,NA,NA,NA,NA,NA,NA,NA,NA,NA,NA,NA,NA,NA,NA,NA,NA,Aufstand,ugomaji,s,mazidio,msingi,kujieleza,dfs,NA,8
56b99,Deep Question,html.Page,5_0_8_0_2_0_0,f,NA,form submission,10406.500000072,2436363.2,2436356.8,2436373.3,2446779.8000001,2446780,2024-05-07T08:59:34Z,2446800.3,NA,NA,NA,NA,NA,NA,NA,NA,NA,NA,NA,NA,NA,NA,NA,NA,NA,NA,NA,NA,Verzögerung,kuchelewa,d,NA,NA,NA,NA,NA,8
56b99,"""Richtig""-Screen",canvas.Screen,5_0_8_0_2_0_1,NA,NA,skipped,NA,2446782.9,NA,NA,2446779.8000001,2446783,2024-05-07T08:59:34Z,2446800.3,NA,NA,NA,NA,NA,NA,NA,NA,NA,NA,NA,NA,NA,NA,NA,NA,NA,NA,NA,NA,Verzögerung,kuchelewa,d,NA,NA,NA,dfs,NA,8
56b99,"""Falsch""-Screen",canvas.Screen,5_0_8_0_2_0_2,NA,NA,timeout,4996.5,2446783.8000001,2446783.856,2446800.3,2451780.6,2451781.3000001,2024-05-07T08:59:39Z,2451796.8,NA,NA,NA,NA,NA,NA,NA,NA,NA,NA,NA,NA,NA,NA,NA,NA,NA,NA,NA,NA,Verzögerung,kuchelewa,d,NA,NA,NA,dfs,0,8
56b99,deep,flow.Sequence,5_0_8_0_2_0,NA,NA,completion,15407.3,2436363.2,2436356.8,2436373.3,2451780.6,2451781.6,2024-05-07T08:59:39Z,2451796.8,NA,NA,NA,NA,NA,NA,NA,NA,NA,NA,NA,NA,NA,NA,NA,NA,NA,NA,NA,NA,Verzögerung,kuchelewa,d,NA,NA,NA,dfs,NA,8
56b99,shallow,flow.Sequence,5_0_8_0_2_1,NA,NA,skipped,NA,2451781.7,NA,NA,2451780.6,2451781.8000001,2024-05-07T08:59:39Z,2451796.8,NA,NA,NA,NA,NA,NA,NA,NA,NA,NA,NA,NA,NA,NA,NA,NA,NA,NA,NA,NA,Verzögerung,kuchelewa,d,NA,NA,NA,dfs,NA,8
56b99,task,flow.Sequence,5_0_8_0_2,NA,NA,completion,15407.3,2436363.2,2436356.8,2436373.3,2451780.6,2451782,2024-05-07T08:59:39Z,2451796.8,NA,NA,NA,NA,NA,NA,NA,NA,NA,NA,NA,NA,NA,NA,NA,NA,NA,NA,NA,NA,Verzögerung,kuchelewa,d,NA,NA,NA,dfs,NA,8
56b99,deep,flow.Sequence,5_0_8_0_3_0,NA,NA,skipped,NA,2451782.1,NA,NA,2451780.6,2451782.1,2024-05-07T08:59:39Z,2451796.8,NA,NA,NA,NA,NA,NA,NA,NA,NA,NA,NA,NA,NA,NA,NA,NA,NA,NA,NA,NA,Prüfung,mtihani,s,mkulima,mtizamo,ufumbuzi,dfs,NA,8
56b99,Shallow Question,html.Page,5_0_8_0_3_1_0,mtihani,NA,form submission,6874.800000024,2451782.2,2451780.6,2451796.8,2458671.6,2458671.8000001,2024-05-07T08:59:46Z,2458693.2,NA,NA,NA,NA,NA,NA,NA,NA,NA,NA,NA,NA,NA,NA,NA,NA,NA,NA,NA,NA,Prüfung,mtihani,s,mkulima,mtizamo,ufumbuzi,NA,NA,8
56b99,"""Richtig""-Screen",canvas.Screen,5_0_8_0_3_1_1,NA,NA,timeout,4996.6999999997,2458674.9,2458676,2458693.2,2463673.1,2463674,2024-05-07T08:59:51Z,2463689.9,NA,NA,NA,NA,NA,NA,NA,NA,NA,NA,NA,NA,NA,NA,NA,NA,NA,NA,NA,NA,Prüfung,mtihani,s,mkulima,mtizamo,ufumbuzi,dfs,1,8
56b99,"""Falsch""-Screen",canvas.Screen,5_0_8_0_3_1_2,NA,NA,skipped,NA,2463679.3000001,NA,NA,2463673.1,2463679.4,2024-05-07T08:59:51Z,2463689.9,NA,NA,NA,NA,NA,NA,NA,NA,NA,NA,NA,NA,NA,NA,NA,NA,NA,NA,NA,NA,Prüfung,mtihani,s,mkulima,mtizamo,ufumbuzi,dfs,NA,8
56b99,shallow,flow.Sequence,5_0_8_0_3_1,NA,NA,completion,11876.3,2451782.2,2451780.6,2451796.8,2463673.1,2463679.5,2024-05-07T08:59:51Z,2463689.9,NA,NA,NA,NA,NA,NA,NA,NA,NA,NA,NA,NA,NA,NA,NA,NA,NA,NA,NA,NA,Prüfung,mtihani,s,mkulima,mtizamo,ufumbuzi,dfs,NA,8
56b99,task,flow.Sequence,5_0_8_0_3,NA,NA,completion,11876.3,2451782,2451780.6,2451796.8,2463673.1,2463679.6,2024-05-07T08:59:51Z,2463689.9,NA,NA,NA,NA,NA,NA,NA,NA,NA,NA,NA,NA,NA,NA,NA,NA,NA,NA,NA,NA,Prüfung,mtihani,s,mkulima,mtizamo,ufumbuzi,dfs,NA,8
56b99,deep,flow.Sequence,5_0_8_0_4_0,NA,NA,skipped,NA,2463679.6,NA,NA,2463673.1,2463679.6,2024-05-07T08:59:51Z,2463689.9,NA,NA,NA,NA,NA,NA,NA,NA,NA,NA,NA,NA,NA,NA,NA,NA,NA,NA,NA,NA,Beweis,ushahidi,s,marudio,kizuizi,mtendaji,dfs,NA,8
56b99,Shallow Question,html.Page,5_0_8_0_4_1_0,ushahidi,NA,form submission,4579.6000000001,2463679.7,2463673.1,2463689.9,2468269.5,2468269.8000001,2024-05-07T08:59:55Z,2468286.8,NA,NA,NA,NA,NA,NA,NA,NA,NA,NA,NA,NA,NA,NA,NA,NA,NA,NA,NA,NA,Beweis,ushahidi,s,marudio,kizuizi,mtendaji,NA,NA,8
56b99,"""Richtig""-Screen",canvas.Screen,5_0_8_0_4_1_1,NA,NA,timeout,4997.5,2468272.6,2468271.038,2468286.8,2473267.4,2473268.3000001,2024-05-07T09:00:00Z,2473284.3,NA,NA,NA,NA,NA,NA,NA,NA,NA,NA,NA,NA,NA,NA,NA,NA,NA,NA,NA,NA,Beweis,ushahidi,s,marudio,kizuizi,mtendaji,dfs,1,8
56b99,"""Falsch""-Screen",canvas.Screen,5_0_8_0_4_1_2,NA,NA,skipped,NA,2473273.2,NA,NA,2473267.4,2473273.3000001,2024-05-07T09:00:00Z,2473284.3,NA,NA,NA,NA,NA,NA,NA,NA,NA,NA,NA,NA,NA,NA,NA,NA,NA,NA,NA,NA,Beweis,ushahidi,s,marudio,kizuizi,mtendaji,dfs,NA,8
56b99,shallow,flow.Sequence,5_0_8_0_4_1,NA,NA,completion,9577.5,2463679.7,2463673.1,2463689.9,2473267.4,2473273.5,2024-05-07T09:00:00Z,2473284.3,NA,NA,NA,NA,NA,NA,NA,NA,NA,NA,NA,NA,NA,NA,NA,NA,NA,NA,NA,NA,Beweis,ushahidi,s,marudio,kizuizi,mtendaji,dfs,NA,8
56b99,task,flow.Sequence,5_0_8_0_4,NA,NA,completion,9577.5,2463679.6,2463673.1,2463689.9,2473267.4,2473273.5,2024-05-07T09:00:00Z,2473284.3,NA,NA,NA,NA,NA,NA,NA,NA,NA,NA,NA,NA,NA,NA,NA,NA,NA,NA,NA,NA,Beweis,ushahidi,s,marudio,kizuizi,mtendaji,dfs,NA,8
56b99,Deep Question,html.Page,5_0_8_0_5_0_0,s,NA,form submission,7227.7000000002,2473273.5,2473267.4,2473284.3,2480512,2480512.3000001,2024-05-07T09:00:08Z,2480513.096,NA,NA,NA,NA,NA,NA,NA,NA,NA,NA,NA,NA,NA,NA,NA,NA,NA,NA,NA,NA,Kultur,utamaduni,d,NA,NA,NA,NA,NA,8
56b99,"""Richtig""-Screen",canvas.Screen,5_0_8_0_5_0_1,NA,NA,skipped,NA,2480515.1,NA,NA,2480512,2480515.2,2024-05-07T09:00:08Z,2480513.096,NA,NA,NA,NA,NA,NA,NA,NA,NA,NA,NA,NA,NA,NA,NA,NA,NA,NA,NA,NA,Kultur,utamaduni,d,NA,NA,NA,dfs,NA,8
56b99,"""Falsch""-Screen",canvas.Screen,5_0_8_0_5_0_2,NA,NA,timeout,4996.7039999999,2480515.8000001,2480513.096,2480513.096,2485493.2,2485493.9,2024-05-07T09:00:13Z,2485509.8,NA,NA,NA,NA,NA,NA,NA,NA,NA,NA,NA,NA,NA,NA,NA,NA,NA,NA,NA,NA,Kultur,utamaduni,d,NA,NA,NA,dfs,0,8
56b99,deep,flow.Sequence,5_0_8_0_5_0,NA,NA,completion,12208.9,2473273.5,2473267.4,2473284.3,2485493.2,2485494.1,2024-05-07T09:00:13Z,2485509.8,NA,NA,NA,NA,NA,NA,NA,NA,NA,NA,NA,NA,NA,NA,NA,NA,NA,NA,NA,NA,Kultur,utamaduni,d,NA,NA,NA,dfs,NA,8
56b99,shallow,flow.Sequence,5_0_8_0_5_1,NA,NA,skipped,NA,2485494.2,NA,NA,2485493.2,2485494.3000001,2024-05-07T09:00:13Z,2485509.8,NA,NA,NA,NA,NA,NA,NA,NA,NA,NA,NA,NA,NA,NA,NA,NA,NA,NA,NA,NA,Kultur,utamaduni,d,NA,NA,NA,dfs,NA,8
56b99,task,flow.Sequence,5_0_8_0_5,NA,NA,completion,12208.9,2473273.5,2473267.4,2473284.3,2485493.2,2485494.3000001,2024-05-07T09:00:13Z,2485509.8,NA,NA,NA,NA,NA,NA,NA,NA,NA,NA,NA,NA,NA,NA,NA,NA,NA,NA,NA,NA,Kultur,utamaduni,d,NA,NA,NA,dfs,NA,8
56b99,Deep Question,html.Page,5_0_8_0_6_0_0,s,NA,form submission,21794.400000048,2485494.6,2485493.2,2485509.8,2507304.2,2507304.3000001,2024-05-07T09:00:35Z,2507312.9,NA,NA,NA,NA,NA,NA,NA,NA,NA,NA,NA,NA,NA,NA,NA,NA,NA,NA,NA,NA,Sympathie,mapendano,d,NA,NA,NA,NA,NA,8
56b99,"""Richtig""-Screen",canvas.Screen,5_0_8_0_6_0_1,NA,NA,skipped,NA,2507307.3000001,NA,NA,2507304.2,2507307.5,2024-05-07T09:00:35Z,2507312.9,NA,NA,NA,NA,NA,NA,NA,NA,NA,NA,NA,NA,NA,NA,NA,NA,NA,NA,NA,NA,Sympathie,mapendano,d,NA,NA,NA,dfs,NA,8
56b99,"""Falsch""-Screen",canvas.Screen,5_0_8_0_6_0_2,NA,NA,timeout,4997.3000000003,2507308.2,2507296.888,2507312.9,2512293.6,2512294.3000001,2024-05-07T09:00:39Z,2512310.2,NA,NA,NA,NA,NA,NA,NA,NA,NA,NA,NA,NA,NA,NA,NA,NA,NA,NA,NA,NA,Sympathie,mapendano,d,NA,NA,NA,dfs,0,8
56b99,deep,flow.Sequence,5_0_8_0_6_0,NA,NA,completion,26783.8,2485494.5,2485493.2,2485509.8,2512293.6,2512294.6,2024-05-07T09:00:39Z,2512310.2,NA,NA,NA,NA,NA,NA,NA,NA,NA,NA,NA,NA,NA,NA,NA,NA,NA,NA,NA,NA,Sympathie,mapendano,d,NA,NA,NA,dfs,NA,8
56b99,shallow,flow.Sequence,5_0_8_0_6_1,NA,NA,skipped,NA,2512294.7,NA,NA,2512293.6,2512294.7,2024-05-07T09:00:39Z,2512310.2,NA,NA,NA,NA,NA,NA,NA,NA,NA,NA,NA,NA,NA,NA,NA,NA,NA,NA,NA,NA,Sympathie,mapendano,d,NA,NA,NA,dfs,NA,8
56b99,task,flow.Sequence,5_0_8_0_6,NA,NA,completion,26783.8,2485494.4,2485493.2,2485509.8,2512293.6,2512294.8000001,2024-05-07T09:00:39Z,2512310.2,NA,NA,NA,NA,NA,NA,NA,NA,NA,NA,NA,NA,NA,NA,NA,NA,NA,NA,NA,NA,Sympathie,mapendano,d,NA,NA,NA,dfs,NA,8
56b99,deep,flow.Sequence,5_0_8_0_7_0,NA,NA,skipped,NA,2512294.8000001,NA,NA,2512293.6,2512294.9,2024-05-07T09:00:39Z,2512310.2,NA,NA,NA,NA,NA,NA,NA,NA,NA,NA,NA,NA,NA,NA,NA,NA,NA,NA,NA,NA,Polizist,msongora,s,simanzi,mandhari,nidhamu,dfs,NA,8
56b99,Shallow Question,html.Page,5_0_8_0_7_1_0,mandhari,NA,form submission,10491.600000071,2512294.9,2512293.6,2512310.2,2522801.8000001,2522801.9,2024-05-07T09:00:50Z,2522804.338,NA,NA,NA,NA,NA,NA,NA,NA,NA,NA,NA,NA,NA,NA,NA,NA,NA,NA,NA,NA,Polizist,msongora,s,simanzi,mandhari,nidhamu,NA,NA,8
56b99,"""Richtig""-Screen",canvas.Screen,5_0_8_0_7_1_1,NA,NA,skipped,NA,2522803.3000001,NA,NA,2522801.8000001,2522803.4,2024-05-07T09:00:50Z,2522804.338,NA,NA,NA,NA,NA,NA,NA,NA,NA,NA,NA,NA,NA,NA,NA,NA,NA,NA,NA,NA,Polizist,msongora,s,simanzi,mandhari,nidhamu,dfs,NA,8
56b99,"""Falsch""-Screen",canvas.Screen,5_0_8_0_7_1_2,NA,NA,timeout,4996.3620000002,2522803.9,2522804.338,2522804.338,2527784.2,2527785.1,2024-05-07T09:00:55Z,2527800.7,NA,NA,NA,NA,NA,NA,NA,NA,NA,NA,NA,NA,NA,NA,NA,NA,NA,NA,NA,NA,Polizist,msongora,s,simanzi,mandhari,nidhamu,dfs,0,8
56b99,shallow,flow.Sequence,5_0_8_0_7_1,NA,NA,completion,15474,2512294.9,2512293.6,2512310.2,2527784.2,2527785.4,2024-05-07T09:00:55Z,2527800.7,NA,NA,NA,NA,NA,NA,NA,NA,NA,NA,NA,NA,NA,NA,NA,NA,NA,NA,NA,NA,Polizist,msongora,s,simanzi,mandhari,nidhamu,dfs,NA,8
56b99,task,flow.Sequence,5_0_8_0_7,NA,NA,completion,15474,2512294.8000001,2512293.6,2512310.2,2527784.2,2527785.7,2024-05-07T09:00:55Z,2527800.7,NA,NA,NA,NA,NA,NA,NA,NA,NA,NA,NA,NA,NA,NA,NA,NA,NA,NA,NA,NA,Polizist,msongora,s,simanzi,mandhari,nidhamu,dfs,NA,8
56b99,block,flow.Loop,5_0_8_0,NA,NA,completion,122325.8,2405457.9,2405442.48,2405458.4,2527784.2,2527785.8000001,2024-05-07T09:00:55Z,2527800.7,NA,NA,NA,NA,NA,NA,NA,NA,NA,NA,NA,NA,NA,NA,NA,NA,NA,NA,NA,NA,NA,NA,NA,NA,NA,NA,dfs,NA,8
56b99,weiter,canvas.Screen,5_0_8_1,sdf,keypress(Space),response,1323.4000000237,2527786,2527784.2,2527800.7,2529124.1,2529124.8000001,2024-05-07T09:00:56Z,2529150.22,NA,NA,NA,NA,NA,NA,NA,NA,NA,NA,NA,NA,NA,NA,NA,NA,NA,NA,NA,NA,NA,NA,NA,NA,NA,NA,dfs,NA,8
56b99,check continue,flow.Sequence,5_0_8,NA,NA,completion,123665.70000002,2405457.8000001,2405442.48,2405458.4,2529124.1,2529124.8000001,2024-05-07T09:00:56Z,2529150.22,NA,NA,NA,NA,NA,NA,NA,NA,NA,NA,NA,NA,NA,NA,NA,NA,NA,NA,NA,NA,NA,NA,NA,NA,NA,NA,dfs,NA,8
56b99,Deep Question,html.Page,5_0_9_0_0_0_0,s,NA,form submission,28641.78,2529152.5,2529150.22,2529150.22,2557792,2557792.3000001,2024-05-07T09:01:25Z,2557798.8,NA,NA,NA,NA,NA,NA,NA,NA,NA,NA,NA,NA,NA,NA,NA,NA,NA,NA,NA,NA,Sympathie,mapendano,d,NA,NA,NA,NA,NA,9
56b99,"""Richtig""-Screen",canvas.Screen,5_0_9_0_0_0_1,NA,NA,skipped,NA,2557795.2,NA,NA,2557792,2557795.4,2024-05-07T09:01:25Z,2557798.8,NA,NA,NA,NA,NA,NA,NA,NA,NA,NA,NA,NA,NA,NA,NA,NA,NA,NA,NA,NA,Sympathie,mapendano,d,NA,NA,NA,dsf,NA,9
56b99,"""Falsch""-Screen",canvas.Screen,5_0_9_0_0_0_2,NA,NA,timeout,4997.2000000002,2557796.2,2557782.6,2557798.8,2562779.4,2562780.2,2024-05-07T09:01:30Z,2562796,NA,NA,NA,NA,NA,NA,NA,NA,NA,NA,NA,NA,NA,NA,NA,NA,NA,NA,NA,NA,Sympathie,mapendano,d,NA,NA,NA,dsf,0,9
56b99,deep,flow.Sequence,5_0_9_0_0_0,NA,NA,completion,33629.18,2529152.5,2529150.22,2529150.22,2562779.4,2562780.5,2024-05-07T09:01:30Z,2562796,NA,NA,NA,NA,NA,NA,NA,NA,NA,NA,NA,NA,NA,NA,NA,NA,NA,NA,NA,NA,Sympathie,mapendano,d,NA,NA,NA,dsf,NA,9
56b99,shallow,flow.Sequence,5_0_9_0_0_1,NA,NA,skipped,NA,2562780.6,NA,NA,2562779.4,2562780.8000001,2024-05-07T09:01:30Z,2562796,NA,NA,NA,NA,NA,NA,NA,NA,NA,NA,NA,NA,NA,NA,NA,NA,NA,NA,NA,NA,Sympathie,mapendano,d,NA,NA,NA,dsf,NA,9
56b99,task,flow.Sequence,5_0_9_0_0,NA,NA,completion,33629.18,2529152.5,2529150.22,2529150.22,2562779.4,2562780.9,2024-05-07T09:01:30Z,2562796,NA,NA,NA,NA,NA,NA,NA,NA,NA,NA,NA,NA,NA,NA,NA,NA,NA,NA,NA,NA,Sympathie,mapendano,d,NA,NA,NA,dsf,NA,9
56b99,deep,flow.Sequence,5_0_9_0_1_0,NA,NA,skipped,NA,2562781,NA,NA,2562779.4,2562781.1,2024-05-07T09:01:30Z,2562796,NA,NA,NA,NA,NA,NA,NA,NA,NA,NA,NA,NA,NA,NA,NA,NA,NA,NA,NA,NA,Prüfung,mtihani,s,mkulima,mtizamo,ufumbuzi,dsf,NA,9
56b99,Shallow Question,html.Page,5_0_9_0_1_1_0,mtihani,NA,form submission,10282,2562781.2,2562779.4,2562796,2573078,2573078.3000001,2024-05-07T09:01:40Z,2573089.4,NA,NA,NA,NA,NA,NA,NA,NA,NA,NA,NA,NA,NA,NA,NA,NA,NA,NA,NA,NA,Prüfung,mtihani,s,mkulima,mtizamo,ufumbuzi,NA,NA,9
56b99,"""Richtig""-Screen",canvas.Screen,5_0_9_0_1_1_1,NA,NA,timeout,4997.5,2573081.3000001,2573073.578,2573089.4,2578069.9,2578070.7,2024-05-07T09:01:45Z,2578086.9,NA,NA,NA,NA,NA,NA,NA,NA,NA,NA,NA,NA,NA,NA,NA,NA,NA,NA,NA,NA,Prüfung,mtihani,s,mkulima,mtizamo,ufumbuzi,dsf,1,9
56b99,"""Falsch""-Screen",canvas.Screen,5_0_9_0_1_1_2,NA,NA,skipped,NA,2578075.5,NA,NA,2578069.9,2578075.7,2024-05-07T09:01:45Z,2578086.9,NA,NA,NA,NA,NA,NA,NA,NA,NA,NA,NA,NA,NA,NA,NA,NA,NA,NA,NA,NA,Prüfung,mtihani,s,mkulima,mtizamo,ufumbuzi,dsf,NA,9
56b99,shallow,flow.Sequence,5_0_9_0_1_1,NA,NA,completion,15273.9,2562781.1,2562779.4,2562796,2578069.9,2578075.9,2024-05-07T09:01:45Z,2578086.9,NA,NA,NA,NA,NA,NA,NA,NA,NA,NA,NA,NA,NA,NA,NA,NA,NA,NA,NA,NA,Prüfung,mtihani,s,mkulima,mtizamo,ufumbuzi,dsf,NA,9
56b99,task,flow.Sequence,5_0_9_0_1,NA,NA,completion,15273.9,2562781,2562779.4,2562796,2578069.9,2578075.9,2024-05-07T09:01:45Z,2578086.9,NA,NA,NA,NA,NA,NA,NA,NA,NA,NA,NA,NA,NA,NA,NA,NA,NA,NA,NA,NA,Prüfung,mtihani,s,mkulima,mtizamo,ufumbuzi,dsf,NA,9
56b99,deep,flow.Sequence,5_0_9_0_2_0,NA,NA,skipped,NA,2578075.9,NA,NA,2578069.9,2578075.9,2024-05-07T09:01:45Z,2578086.9,NA,NA,NA,NA,NA,NA,NA,NA,NA,NA,NA,NA,NA,NA,NA,NA,NA,NA,NA,NA,Beweis,ushahidi,s,marudio,kizuizi,mtendaji,dsf,NA,9
56b99,Shallow Question,html.Page,5_0_9_0_2_1_0,ushahidi,NA,form submission,3713.4000000716,2578075.9,2578069.9,2578086.9,2581800.3000001,2581800.6,2024-05-07T09:01:49Z,2581801.558,NA,NA,NA,NA,NA,NA,NA,NA,NA,NA,NA,NA,NA,NA,NA,NA,NA,NA,NA,NA,Beweis,ushahidi,s,marudio,kizuizi,mtendaji,NA,NA,9
56b99,"""Richtig""-Screen",canvas.Screen,5_0_9_0_2_1_1,NA,NA,timeout,4996.642,2581803.3000001,2581801.558,2581801.558,2586781.5,2586782.5,2024-05-07T09:01:54Z,2586798.2,NA,NA,NA,NA,NA,NA,NA,NA,NA,NA,NA,NA,NA,NA,NA,NA,NA,NA,NA,NA,Beweis,ushahidi,s,marudio,kizuizi,mtendaji,dsf,1,9
56b99,"""Falsch""-Screen",canvas.Screen,5_0_9_0_2_1_2,NA,NA,skipped,NA,2586787.7,NA,NA,2586781.5,2586787.9,2024-05-07T09:01:54Z,2586798.2,NA,NA,NA,NA,NA,NA,NA,NA,NA,NA,NA,NA,NA,NA,NA,NA,NA,NA,NA,NA,Beweis,ushahidi,s,marudio,kizuizi,mtendaji,dsf,NA,9
56b99,shallow,flow.Sequence,5_0_9_0_2_1,NA,NA,completion,8694.6000000001,2578075.9,2578069.9,2578086.9,2586781.5,2586787.9,2024-05-07T09:01:54Z,2586798.2,NA,NA,NA,NA,NA,NA,NA,NA,NA,NA,NA,NA,NA,NA,NA,NA,NA,NA,NA,NA,Beweis,ushahidi,s,marudio,kizuizi,mtendaji,dsf,NA,9
56b99,task,flow.Sequence,5_0_9_0_2,NA,NA,completion,8694.6000000001,2578075.9,2578069.9,2578086.9,2586781.5,2586788,2024-05-07T09:01:54Z,2586798.2,NA,NA,NA,NA,NA,NA,NA,NA,NA,NA,NA,NA,NA,NA,NA,NA,NA,NA,NA,NA,Beweis,ushahidi,s,marudio,kizuizi,mtendaji,dsf,NA,9
56b99,Deep Question,html.Page,5_0_9_0_3_0_0,mapendano,NA,form submission,10994.199999976,2586788.1,2586781.5,2586798.2,2597792.4,2597792.6,2024-05-07T09:02:05Z,2597808.4,NA,NA,NA,NA,NA,NA,NA,NA,NA,NA,NA,NA,NA,NA,NA,NA,NA,NA,NA,NA,Verzögerung,kuchelewa,d,NA,NA,NA,NA,NA,9
56b99,"""Richtig""-Screen",canvas.Screen,5_0_9_0_3_0_1,NA,NA,skipped,NA,2597795.5,NA,NA,2597792.4,2597795.7,2024-05-07T09:02:05Z,2597808.4,NA,NA,NA,NA,NA,NA,NA,NA,NA,NA,NA,NA,NA,NA,NA,NA,NA,NA,NA,NA,Verzögerung,kuchelewa,d,NA,NA,NA,dsf,NA,9
56b99,"""Falsch""-Screen",canvas.Screen,5_0_9_0_3_0_2,NA,NA,timeout,4996.8000000003,2597796.4,2597791.66,2597808.4,2602788.5,2602789.3000001,2024-05-07T09:02:10Z,2602805.2,NA,NA,NA,NA,NA,NA,NA,NA,NA,NA,NA,NA,NA,NA,NA,NA,NA,NA,NA,NA,Verzögerung,kuchelewa,d,NA,NA,NA,dsf,0,9
56b99,deep,flow.Sequence,5_0_9_0_3_0,NA,NA,completion,15990.3,2586788,2586781.5,2586798.2,2602788.5,2602789.5,2024-05-07T09:02:10Z,2602805.2,NA,NA,NA,NA,NA,NA,NA,NA,NA,NA,NA,NA,NA,NA,NA,NA,NA,NA,NA,NA,Verzögerung,kuchelewa,d,NA,NA,NA,dsf,NA,9
56b99,shallow,flow.Sequence,5_0_9_0_3_1,NA,NA,skipped,NA,2602789.6,NA,NA,2602788.5,2602789.7,2024-05-07T09:02:10Z,2602805.2,NA,NA,NA,NA,NA,NA,NA,NA,NA,NA,NA,NA,NA,NA,NA,NA,NA,NA,NA,NA,Verzögerung,kuchelewa,d,NA,NA,NA,dsf,NA,9
56b99,task,flow.Sequence,5_0_9_0_3,NA,NA,completion,15990.3,2586788,2586781.5,2586798.2,2602788.5,2602789.9,2024-05-07T09:02:10Z,2602805.2,NA,NA,NA,NA,NA,NA,NA,NA,NA,NA,NA,NA,NA,NA,NA,NA,NA,NA,NA,NA,Verzögerung,kuchelewa,d,NA,NA,NA,dsf,NA,9
56b99,Deep Question,html.Page,5_0_9_0_4_0_0,s,NA,form submission,4389.1000000713,2602790,2602788.5,2602805.2,2607194.3000001,2607194.6,2024-05-07T09:02:14Z,2607202.2,NA,NA,NA,NA,NA,NA,NA,NA,NA,NA,NA,NA,NA,NA,NA,NA,NA,NA,NA,NA,Annäherung,maegesho,d,NA,NA,NA,NA,NA,9
56b99,"""Richtig""-Screen",canvas.Screen,5_0_9_0_4_0_1,NA,NA,skipped,NA,2607197.5,NA,NA,2607194.3000001,2607197.7,2024-05-07T09:02:14Z,2607202.2,NA,NA,NA,NA,NA,NA,NA,NA,NA,NA,NA,NA,NA,NA,NA,NA,NA,NA,NA,NA,Annäherung,maegesho,d,NA,NA,NA,dsf,NA,9
56b99,"""Falsch""-Screen",canvas.Screen,5_0_9_0_4_0_2,NA,NA,timeout,4996.7999999998,2607198.3000001,2607185.826,2607202.2,2612182.7,2612183.7,2024-05-07T09:02:19Z,2612199,NA,NA,NA,NA,NA,NA,NA,NA,NA,NA,NA,NA,NA,NA,NA,NA,NA,NA,NA,NA,Annäherung,maegesho,d,NA,NA,NA,dsf,0,9
56b99,deep,flow.Sequence,5_0_9_0_4_0,NA,NA,completion,9377.5,2602790,2602788.5,2602805.2,2612182.7,2612184,2024-05-07T09:02:19Z,2612199,NA,NA,NA,NA,NA,NA,NA,NA,NA,NA,NA,NA,NA,NA,NA,NA,NA,NA,NA,NA,Annäherung,maegesho,d,NA,NA,NA,dsf,NA,9
56b99,shallow,flow.Sequence,5_0_9_0_4_1,NA,NA,skipped,NA,2612184.2,NA,NA,2612182.7,2612184.3000001,2024-05-07T09:02:19Z,2612199,NA,NA,NA,NA,NA,NA,NA,NA,NA,NA,NA,NA,NA,NA,NA,NA,NA,NA,NA,NA,Annäherung,maegesho,d,NA,NA,NA,dsf,NA,9
56b99,task,flow.Sequence,5_0_9_0_4,NA,NA,completion,9377.5,2602790,2602788.5,2602805.2,2612182.7,2612184.6,2024-05-07T09:02:19Z,2612199,NA,NA,NA,NA,NA,NA,NA,NA,NA,NA,NA,NA,NA,NA,NA,NA,NA,NA,NA,NA,Annäherung,maegesho,d,NA,NA,NA,dsf,NA,9
56b99,deep,flow.Sequence,5_0_9_0_5_0,NA,NA,skipped,NA,2612184.7,NA,NA,2612182.7,2612184.8000001,2024-05-07T09:02:19Z,2612199,NA,NA,NA,NA,NA,NA,NA,NA,NA,NA,NA,NA,NA,NA,NA,NA,NA,NA,NA,NA,Aufstand,ugomaji,s,mazidio,msingi,kujieleza,dsf,NA,9
56b99,Shallow Question,html.Page,5_0_9_0_5_1_0,mazidio,NA,form submission,8693,2612184.9,2612182.7,2612199,2620892,2620892.1,2024-05-07T09:02:28Z,2620894.316,NA,NA,NA,NA,NA,NA,NA,NA,NA,NA,NA,NA,NA,NA,NA,NA,NA,NA,NA,NA,Aufstand,ugomaji,s,mazidio,msingi,kujieleza,NA,NA,9
56b99,"""Richtig""-Screen",canvas.Screen,5_0_9_0_5_1_1,NA,NA,skipped,NA,2620895.2,NA,NA,2620892,2620895.3000001,2024-05-07T09:02:28Z,2620894.316,NA,NA,NA,NA,NA,NA,NA,NA,NA,NA,NA,NA,NA,NA,NA,NA,NA,NA,NA,NA,Aufstand,ugomaji,s,mazidio,msingi,kujieleza,dsf,NA,9
56b99,"""Falsch""-Screen",canvas.Screen,5_0_9_0_5_1_2,NA,NA,timeout,4996.3840000001,2620896.1,2620894.316,2620894.316,2625874.1,2625875.1,2024-05-07T09:02:33Z,2625890.7,NA,NA,NA,NA,NA,NA,NA,NA,NA,NA,NA,NA,NA,NA,NA,NA,NA,NA,NA,NA,Aufstand,ugomaji,s,mazidio,msingi,kujieleza,dsf,0,9
56b99,shallow,flow.Sequence,5_0_9_0_5_1,NA,NA,completion,13675.1,2612184.8000001,2612182.7,2612199,2625874.1,2625875.4,2024-05-07T09:02:33Z,2625890.7,NA,NA,NA,NA,NA,NA,NA,NA,NA,NA,NA,NA,NA,NA,NA,NA,NA,NA,NA,NA,Aufstand,ugomaji,s,mazidio,msingi,kujieleza,dsf,NA,9
56b99,task,flow.Sequence,5_0_9_0_5,NA,NA,completion,13675.1,2612184.6,2612182.7,2612199,2625874.1,2625875.7,2024-05-07T09:02:33Z,2625890.7,NA,NA,NA,NA,NA,NA,NA,NA,NA,NA,NA,NA,NA,NA,NA,NA,NA,NA,NA,NA,Aufstand,ugomaji,s,mazidio,msingi,kujieleza,dsf,NA,9
56b99,Deep Question,html.Page,5_0_9_0_6_0_0,s,NA,form submission,6283.2999999998,2625875.9,2625874.1,2625890.7,2632174,2632174.2,2024-05-07T09:02:39Z,2632187,NA,NA,NA,NA,NA,NA,NA,NA,NA,NA,NA,NA,NA,NA,NA,NA,NA,NA,NA,NA,Kultur,utamaduni,d,NA,NA,NA,NA,NA,9
56b99,"""Richtig""-Screen",canvas.Screen,5_0_9_0_6_0_1,NA,NA,skipped,NA,2632177.5,NA,NA,2632174,2632177.6,2024-05-07T09:02:39Z,2632187,NA,NA,NA,NA,NA,NA,NA,NA,NA,NA,NA,NA,NA,NA,NA,NA,NA,NA,NA,NA,Kultur,utamaduni,d,NA,NA,NA,dsf,NA,9
56b99,"""Falsch""-Screen",canvas.Screen,5_0_9_0_6_0_2,NA,NA,timeout,4996.7000000002,2632178.3000001,2632170.658,2632187,2637167.1,2637168,2024-05-07T09:02:44Z,2637183.7,NA,NA,NA,NA,NA,NA,NA,NA,NA,NA,NA,NA,NA,NA,NA,NA,NA,NA,NA,NA,Kultur,utamaduni,d,NA,NA,NA,dsf,0,9
56b99,deep,flow.Sequence,5_0_9_0_6_0,NA,NA,completion,11276.4,2625875.9,2625874.1,2625890.7,2637167.1,2637168.2,2024-05-07T09:02:44Z,2637183.7,NA,NA,NA,NA,NA,NA,NA,NA,NA,NA,NA,NA,NA,NA,NA,NA,NA,NA,NA,NA,Kultur,utamaduni,d,NA,NA,NA,dsf,NA,9
56b99,shallow,flow.Sequence,5_0_9_0_6_1,NA,NA,skipped,NA,2637168.4,NA,NA,2637167.1,2637168.5,2024-05-07T09:02:44Z,2637183.7,NA,NA,NA,NA,NA,NA,NA,NA,NA,NA,NA,NA,NA,NA,NA,NA,NA,NA,NA,NA,Kultur,utamaduni,d,NA,NA,NA,dsf,NA,9
56b99,task,flow.Sequence,5_0_9_0_6,NA,NA,completion,11276.4,2625875.8000001,2625874.1,2625890.7,2637167.1,2637168.6,2024-05-07T09:02:44Z,2637183.7,NA,NA,NA,NA,NA,NA,NA,NA,NA,NA,NA,NA,NA,NA,NA,NA,NA,NA,NA,NA,Kultur,utamaduni,d,NA,NA,NA,dsf,NA,9
56b99,deep,flow.Sequence,5_0_9_0_7_0,NA,NA,skipped,NA,2637168.8000001,NA,NA,2637167.1,2637168.8000001,2024-05-07T09:02:44Z,2637183.7,NA,NA,NA,NA,NA,NA,NA,NA,NA,NA,NA,NA,NA,NA,NA,NA,NA,NA,NA,NA,Polizist,msongora,s,simanzi,mandhari,nidhamu,dsf,NA,9
56b99,Shallow Question,html.Page,5_0_9_0_7_1_0,msongora,NA,form submission,10487.600000071,2637168.9,2637167.1,2637183.7,2647671.3000001,2647671.5,2024-05-07T09:02:55Z,2647694.6,NA,NA,NA,NA,NA,NA,NA,NA,NA,NA,NA,NA,NA,NA,NA,NA,NA,NA,NA,NA,Polizist,msongora,s,simanzi,mandhari,nidhamu,NA,NA,9
56b99,"""Richtig""-Screen",canvas.Screen,5_0_9_0_7_1_1,NA,NA,timeout,4996.8999999999,2647672.8000001,2647677.992,2647694.6,2652674.8,2652675.6,2024-05-07T09:03:00Z,2652691.5,NA,NA,NA,NA,NA,NA,NA,NA,NA,NA,NA,NA,NA,NA,NA,NA,NA,NA,NA,NA,Polizist,msongora,s,simanzi,mandhari,nidhamu,dsf,1,9
56b99,"""Falsch""-Screen",canvas.Screen,5_0_9_0_7_1_2,NA,NA,skipped,NA,2652680.4,NA,NA,2652674.8,2652680.7,2024-05-07T09:03:00Z,2652691.5,NA,NA,NA,NA,NA,NA,NA,NA,NA,NA,NA,NA,NA,NA,NA,NA,NA,NA,NA,NA,Polizist,msongora,s,simanzi,mandhari,nidhamu,dsf,NA,9
56b99,shallow,flow.Sequence,5_0_9_0_7_1,NA,NA,completion,15491.1,2637168.8000001,2637167.1,2637183.7,2652674.8,2652680.9,2024-05-07T09:03:00Z,2652691.5,NA,NA,NA,NA,NA,NA,NA,NA,NA,NA,NA,NA,NA,NA,NA,NA,NA,NA,NA,NA,Polizist,msongora,s,simanzi,mandhari,nidhamu,dsf,NA,9
56b99,task,flow.Sequence,5_0_9_0_7,NA,NA,completion,15491.1,2637168.7,2637167.1,2637183.7,2652674.8,2652681,2024-05-07T09:03:00Z,2652691.5,NA,NA,NA,NA,NA,NA,NA,NA,NA,NA,NA,NA,NA,NA,NA,NA,NA,NA,NA,NA,Polizist,msongora,s,simanzi,mandhari,nidhamu,dsf,NA,9
56b99,block,flow.Loop,5_0_9_0,NA,NA,completion,123524.58,2529152.5,2529150.22,2529150.22,2652674.8,2652681,2024-05-07T09:03:00Z,2652691.5,NA,NA,NA,NA,NA,NA,NA,NA,NA,NA,NA,NA,NA,NA,NA,NA,NA,NA,NA,NA,NA,NA,NA,NA,NA,NA,dsf,NA,9
56b99,weiter,canvas.Screen,5_0_9_1,sdf,keypress(Space),response,1306.7000000477,2652681.1,2652674.8,2652691.5,2653998.2,2653999.3000001,2024-05-07T09:03:01Z,2654024.78,NA,NA,NA,NA,NA,NA,NA,NA,NA,NA,NA,NA,NA,NA,NA,NA,NA,NA,NA,NA,NA,NA,NA,NA,NA,NA,dsf,NA,9
56b99,check continue,flow.Sequence,5_0_9,NA,NA,completion,124847.98000005,2529152.4,2529150.22,2529150.22,2653998.2,2653999.6,2024-05-07T09:03:01Z,2654024.78,NA,NA,NA,NA,NA,NA,NA,NA,NA,NA,NA,NA,NA,NA,NA,NA,NA,NA,NA,NA,NA,NA,NA,NA,NA,NA,dsf,NA,9
56b99,deep,flow.Sequence,5_0_10_0_0_0,NA,NA,skipped,NA,2654027.7,NA,NA,2653998.2,2654027.7,2024-05-07T09:03:01Z,2654024.78,NA,NA,NA,NA,NA,NA,NA,NA,NA,NA,NA,NA,NA,NA,NA,NA,NA,NA,NA,NA,Polizist,msongora,s,simanzi,mandhari,nidhamu,df,NA,10
56b99,Shallow Question,html.Page,5_0_10_0_0_1_0,msongora,NA,form submission,16676.920000048,2654027.7,2654024.78,2654024.78,2670701.7,2670701.9,2024-05-07T09:03:18Z,2670730.3,NA,NA,NA,NA,NA,NA,NA,NA,NA,NA,NA,NA,NA,NA,NA,NA,NA,NA,NA,NA,Polizist,msongora,s,simanzi,mandhari,nidhamu,NA,NA,10
56b99,"""Richtig""-Screen",canvas.Screen,5_0_10_0_0_1_1,NA,NA,timeout,4997,2670703.2,2670713.8,2670730.3,2675710.6,2675711.5,2024-05-07T09:03:23Z,2675727.3,NA,NA,NA,NA,NA,NA,NA,NA,NA,NA,NA,NA,NA,NA,NA,NA,NA,NA,NA,NA,Polizist,msongora,s,simanzi,mandhari,nidhamu,df,1,10
56b99,"""Falsch""-Screen",canvas.Screen,5_0_10_0_0_1_2,NA,NA,skipped,NA,2675716.5,NA,NA,2675710.6,2675716.6,2024-05-07T09:03:23Z,2675727.3,NA,NA,NA,NA,NA,NA,NA,NA,NA,NA,NA,NA,NA,NA,NA,NA,NA,NA,NA,NA,Polizist,msongora,s,simanzi,mandhari,nidhamu,df,NA,10
56b99,shallow,flow.Sequence,5_0_10_0_0_1,NA,NA,completion,21685.82,2654027.7,2654024.78,2654024.78,2675710.6,2675716.8000001,2024-05-07T09:03:23Z,2675727.3,NA,NA,NA,NA,NA,NA,NA,NA,NA,NA,NA,NA,NA,NA,NA,NA,NA,NA,NA,NA,Polizist,msongora,s,simanzi,mandhari,nidhamu,df,NA,10
56b99,task,flow.Sequence,5_0_10_0_0,NA,NA,completion,21685.82,2654027.7,2654024.78,2654024.78,2675710.6,2675716.8000001,2024-05-07T09:03:23Z,2675727.3,NA,NA,NA,NA,NA,NA,NA,NA,NA,NA,NA,NA,NA,NA,NA,NA,NA,NA,NA,NA,Polizist,msongora,s,simanzi,mandhari,nidhamu,df,NA,10
56b99,Deep Question,html.Page,5_0_10_0_1_0_0,ma,NA,form submission,14067.000000072,2675716.8000001,2675710.6,2675727.3,2689794.3000001,2689794.6,2024-05-07T09:03:37Z,2689801.6,NA,NA,NA,NA,NA,NA,NA,NA,NA,NA,NA,NA,NA,NA,NA,NA,NA,NA,NA,NA,Sympathie,mapendano,d,NA,NA,NA,NA,NA,10
56b99,"""Richtig""-Screen",canvas.Screen,5_0_10_0_1_0_1,NA,NA,skipped,NA,2689797.4,NA,NA,2689794.3000001,2689797.6,2024-05-07T09:03:37Z,2689801.6,NA,NA,NA,NA,NA,NA,NA,NA,NA,NA,NA,NA,NA,NA,NA,NA,NA,NA,NA,NA,Sympathie,mapendano,d,NA,NA,NA,df,NA,10
56b99,"""Falsch""-Screen",canvas.Screen,5_0_10_0_1_0_2,NA,NA,timeout,4997.2999999998,2689798.3000001,2689785.2,2689801.6,2694782.2,2694783,2024-05-07T09:03:42Z,2694798.9,NA,NA,NA,NA,NA,NA,NA,NA,NA,NA,NA,NA,NA,NA,NA,NA,NA,NA,NA,NA,Sympathie,mapendano,d,NA,NA,NA,df,0,10
56b99,deep,flow.Sequence,5_0_10_0_1_0,NA,NA,completion,19054.9,2675716.8000001,2675710.6,2675727.3,2694782.2,2694783.3000001,2024-05-07T09:03:42Z,2694798.9,NA,NA,NA,NA,NA,NA,NA,NA,NA,NA,NA,NA,NA,NA,NA,NA,NA,NA,NA,NA,Sympathie,mapendano,d,NA,NA,NA,df,NA,10
56b99,shallow,flow.Sequence,5_0_10_0_1_1,NA,NA,skipped,NA,2694783.4,NA,NA,2694782.2,2694783.5,2024-05-07T09:03:42Z,2694798.9,NA,NA,NA,NA,NA,NA,NA,NA,NA,NA,NA,NA,NA,NA,NA,NA,NA,NA,NA,NA,Sympathie,mapendano,d,NA,NA,NA,df,NA,10
56b99,task,flow.Sequence,5_0_10_0_1,NA,NA,completion,19054.9,2675716.8000001,2675710.6,2675727.3,2694782.2,2694783.6,2024-05-07T09:03:42Z,2694798.9,NA,NA,NA,NA,NA,NA,NA,NA,NA,NA,NA,NA,NA,NA,NA,NA,NA,NA,NA,NA,Sympathie,mapendano,d,NA,NA,NA,df,NA,10
56b99,Deep Question,html.Page,5_0_10_0_2_0_0,s,NA,form submission,6336.9000000716,2694783.7,2694782.2,2694798.9,2701135.8000001,2701136,2024-05-07T09:03:48Z,2701144.9,NA,NA,NA,NA,NA,NA,NA,NA,NA,NA,NA,NA,NA,NA,NA,NA,NA,NA,NA,NA,Kultur,utamaduni,d,NA,NA,NA,NA,NA,10
56b99,"""Richtig""-Screen",canvas.Screen,5_0_10_0_2_0_1,NA,NA,skipped,NA,2701139,NA,NA,2701135.8000001,2701139.2,2024-05-07T09:03:48Z,2701144.9,NA,NA,NA,NA,NA,NA,NA,NA,NA,NA,NA,NA,NA,NA,NA,NA,NA,NA,NA,NA,Kultur,utamaduni,d,NA,NA,NA,df,NA,10
56b99,"""Falsch""-Screen",canvas.Screen,5_0_10_0_2_0_2,NA,NA,timeout,4996.7000000002,2701139.9,2701128.73,2701144.9,2706125,2706126.1,2024-05-07T09:03:53Z,2706141.6,NA,NA,NA,NA,NA,NA,NA,NA,NA,NA,NA,NA,NA,NA,NA,NA,NA,NA,NA,NA,Kultur,utamaduni,d,NA,NA,NA,df,0,10
56b99,deep,flow.Sequence,5_0_10_0_2_0,NA,NA,completion,11326.1,2694783.7,2694782.2,2694798.9,2706125,2706126.3000001,2024-05-07T09:03:53Z,2706141.6,NA,NA,NA,NA,NA,NA,NA,NA,NA,NA,NA,NA,NA,NA,NA,NA,NA,NA,NA,NA,Kultur,utamaduni,d,NA,NA,NA,df,NA,10
56b99,shallow,flow.Sequence,5_0_10_0_2_1,NA,NA,skipped,NA,2706126.5,NA,NA,2706125,2706126.7,2024-05-07T09:03:53Z,2706141.6,NA,NA,NA,NA,NA,NA,NA,NA,NA,NA,NA,NA,NA,NA,NA,NA,NA,NA,NA,NA,Kultur,utamaduni,d,NA,NA,NA,df,NA,10
56b99,task,flow.Sequence,5_0_10_0_2,NA,NA,completion,11326.1,2694783.7,2694782.2,2694798.9,2706125,2706126.8000001,2024-05-07T09:03:53Z,2706141.6,NA,NA,NA,NA,NA,NA,NA,NA,NA,NA,NA,NA,NA,NA,NA,NA,NA,NA,NA,NA,Kultur,utamaduni,d,NA,NA,NA,df,NA,10
56b99,Deep Question,html.Page,5_0_10_0_3_0_0,uda,NA,form submission,8828.8999999999,2706127,2706125,2706141.6,2714970.5,2714970.7,2024-05-07T09:04:02Z,2714986.8,NA,NA,NA,NA,NA,NA,NA,NA,NA,NA,NA,NA,NA,NA,NA,NA,NA,NA,NA,NA,Annäherung,maegesho,d,NA,NA,NA,NA,NA,10
56b99,"""Richtig""-Screen",canvas.Screen,5_0_10_0_3_0_1,NA,NA,skipped,NA,2714973.7,NA,NA,2714970.5,2714973.9,2024-05-07T09:04:02Z,2714986.8,NA,NA,NA,NA,NA,NA,NA,NA,NA,NA,NA,NA,NA,NA,NA,NA,NA,NA,NA,NA,Annäherung,maegesho,d,NA,NA,NA,df,NA,10
56b99,"""Falsch""-Screen",canvas.Screen,5_0_10_0_3_0_2,NA,NA,timeout,4996.9000000004,2714974.4,2714970.058,2714986.8,2719966.6,2719967.6,2024-05-07T09:04:07Z,2719983.7,NA,NA,NA,NA,NA,NA,NA,NA,NA,NA,NA,NA,NA,NA,NA,NA,NA,NA,NA,NA,Annäherung,maegesho,d,NA,NA,NA,df,0,10
56b99,deep,flow.Sequence,5_0_10_0_3_0,NA,NA,completion,13825,2706127,2706125,2706141.6,2719966.6,2719967.8000001,2024-05-07T09:04:07Z,2719983.7,NA,NA,NA,NA,NA,NA,NA,NA,NA,NA,NA,NA,NA,NA,NA,NA,NA,NA,NA,NA,Annäherung,maegesho,d,NA,NA,NA,df,NA,10
56b99,shallow,flow.Sequence,5_0_10_0_3_1,NA,NA,skipped,NA,2719968,NA,NA,2719966.6,2719968.1,2024-05-07T09:04:07Z,2719983.7,NA,NA,NA,NA,NA,NA,NA,NA,NA,NA,NA,NA,NA,NA,NA,NA,NA,NA,NA,NA,Annäherung,maegesho,d,NA,NA,NA,df,NA,10
56b99,task,flow.Sequence,5_0_10_0_3,NA,NA,completion,13825,2706126.9,2706125,2706141.6,2719966.6,2719968.3000001,2024-05-07T09:04:07Z,2719983.7,NA,NA,NA,NA,NA,NA,NA,NA,NA,NA,NA,NA,NA,NA,NA,NA,NA,NA,NA,NA,Annäherung,maegesho,d,NA,NA,NA,df,NA,10
56b99,Deep Question,html.Page,5_0_10_0_4_0_0,s,NA,form submission,5316.9000000237,2719968.4,2719966.6,2719983.7,2725300.6,2725300.8000001,2024-05-07T09:04:13Z,2725313.7,NA,NA,NA,NA,NA,NA,NA,NA,NA,NA,NA,NA,NA,NA,NA,NA,NA,NA,NA,NA,Verzögerung,kuchelewa,d,NA,NA,NA,NA,NA,10
56b99,"""Richtig""-Screen",canvas.Screen,5_0_10_0_4_0_1,NA,NA,skipped,NA,2725303.9,NA,NA,2725300.6,2725304,2024-05-07T09:04:13Z,2725313.7,NA,NA,NA,NA,NA,NA,NA,NA,NA,NA,NA,NA,NA,NA,NA,NA,NA,NA,NA,NA,Verzögerung,kuchelewa,d,NA,NA,NA,df,NA,10
56b99,"""Falsch""-Screen",canvas.Screen,5_0_10_0_4_0_2,NA,NA,timeout,4996.5,2725304.8000001,2725297.328,2725313.7,2730293.6,2730294.5,2024-05-07T09:04:17Z,2730310.2,NA,NA,NA,NA,NA,NA,NA,NA,NA,NA,NA,NA,NA,NA,NA,NA,NA,NA,NA,NA,Verzögerung,kuchelewa,d,NA,NA,NA,df,0,10
56b99,deep,flow.Sequence,5_0_10_0_4_0,NA,NA,completion,10309.9,2719968.4,2719966.6,2719983.7,2730293.6,2730294.7,2024-05-07T09:04:17Z,2730310.2,NA,NA,NA,NA,NA,NA,NA,NA,NA,NA,NA,NA,NA,NA,NA,NA,NA,NA,NA,NA,Verzögerung,kuchelewa,d,NA,NA,NA,df,NA,10
56b99,shallow,flow.Sequence,5_0_10_0_4_1,NA,NA,skipped,NA,2730294.8000001,NA,NA,2730293.6,2730294.9,2024-05-07T09:04:17Z,2730310.2,NA,NA,NA,NA,NA,NA,NA,NA,NA,NA,NA,NA,NA,NA,NA,NA,NA,NA,NA,NA,Verzögerung,kuchelewa,d,NA,NA,NA,df,NA,10
56b99,task,flow.Sequence,5_0_10_0_4,NA,NA,completion,10309.9,2719968.4,2719966.6,2719983.7,2730293.6,2730295.1,2024-05-07T09:04:17Z,2730310.2,NA,NA,NA,NA,NA,NA,NA,NA,NA,NA,NA,NA,NA,NA,NA,NA,NA,NA,NA,NA,Verzögerung,kuchelewa,d,NA,NA,NA,df,NA,10
56b99,deep,flow.Sequence,5_0_10_0_5_0,NA,NA,skipped,NA,2730295.3000001,NA,NA,2730293.6,2730295.4,2024-05-07T09:04:17Z,2730310.2,NA,NA,NA,NA,NA,NA,NA,NA,NA,NA,NA,NA,NA,NA,NA,NA,NA,NA,NA,NA,Beweis,ushahidi,s,marudio,kizuizi,mtendaji,df,NA,10
56b99,Shallow Question,html.Page,5_0_10_0_5_1_0,ushahidi,NA,form submission,4712.1000000713,2730295.5,2730293.6,2730310.2,2735022.3000001,2735022.7,2024-05-07T09:04:22Z,2735041,NA,NA,NA,NA,NA,NA,NA,NA,NA,NA,NA,NA,NA,NA,NA,NA,NA,NA,NA,NA,Beweis,ushahidi,s,marudio,kizuizi,mtendaji,NA,NA,10
56b99,"""Richtig""-Screen",canvas.Screen,5_0_10_0_5_1_1,NA,NA,timeout,4996.6000000001,2735025.7,2735024.656,2735041,2740021.1,2740022,2024-05-07T09:04:27Z,2740037.6,NA,NA,NA,NA,NA,NA,NA,NA,NA,NA,NA,NA,NA,NA,NA,NA,NA,NA,NA,NA,Beweis,ushahidi,s,marudio,kizuizi,mtendaji,df,1,10
56b99,"""Falsch""-Screen",canvas.Screen,5_0_10_0_5_1_2,NA,NA,skipped,NA,2740027.1,NA,NA,2740021.1,2740027.2,2024-05-07T09:04:27Z,2740037.6,NA,NA,NA,NA,NA,NA,NA,NA,NA,NA,NA,NA,NA,NA,NA,NA,NA,NA,NA,NA,Beweis,ushahidi,s,marudio,kizuizi,mtendaji,df,NA,10
56b99,shallow,flow.Sequence,5_0_10_0_5_1,NA,NA,completion,9710.8999999999,2730295.4,2730293.6,2730310.2,2740021.1,2740027.2,2024-05-07T09:04:27Z,2740037.6,NA,NA,NA,NA,NA,NA,NA,NA,NA,NA,NA,NA,NA,NA,NA,NA,NA,NA,NA,NA,Beweis,ushahidi,s,marudio,kizuizi,mtendaji,df,NA,10
56b99,task,flow.Sequence,5_0_10_0_5,NA,NA,completion,9710.8999999999,2730295.2,2730293.6,2730310.2,2740021.1,2740027.3000001,2024-05-07T09:04:27Z,2740037.6,NA,NA,NA,NA,NA,NA,NA,NA,NA,NA,NA,NA,NA,NA,NA,NA,NA,NA,NA,NA,Beweis,ushahidi,s,marudio,kizuizi,mtendaji,df,NA,10
56b99,deep,flow.Sequence,5_0_10_0_6_0,NA,NA,skipped,NA,2740027.4,NA,NA,2740021.1,2740027.4,2024-05-07T09:04:27Z,2740037.6,NA,NA,NA,NA,NA,NA,NA,NA,NA,NA,NA,NA,NA,NA,NA,NA,NA,NA,NA,NA,Aufstand,ugomaji,s,mazidio,msingi,kujieleza,df,NA,10
56b99,Shallow Question,html.Page,5_0_10_0_6_1_0,ugomaji,NA,form submission,10368.000000024,2740027.4,2740021.1,2740037.6,2750405.6,2750405.8000001,2024-05-07T09:04:38Z,2750414.7,NA,NA,NA,NA,NA,NA,NA,NA,NA,NA,NA,NA,NA,NA,NA,NA,NA,NA,NA,NA,Aufstand,ugomaji,s,mazidio,msingi,kujieleza,NA,NA,10
56b99,"""Richtig""-Screen",canvas.Screen,5_0_10_0_6_1_1,NA,NA,timeout,4996.8999999999,2750408.7,2750398.562,2750414.7,2755394.8,2755395.3000001,2024-05-07T09:04:43Z,2755411.6,NA,NA,NA,NA,NA,NA,NA,NA,NA,NA,NA,NA,NA,NA,NA,NA,NA,NA,NA,NA,Aufstand,ugomaji,s,mazidio,msingi,kujieleza,df,1,10
56b99,"""Falsch""-Screen",canvas.Screen,5_0_10_0_6_1_2,NA,NA,skipped,NA,2755396.7,NA,NA,2755394.8,2755396.7,2024-05-07T09:04:43Z,2755411.6,NA,NA,NA,NA,NA,NA,NA,NA,NA,NA,NA,NA,NA,NA,NA,NA,NA,NA,NA,NA,Aufstand,ugomaji,s,mazidio,msingi,kujieleza,df,NA,10
56b99,shallow,flow.Sequence,5_0_10_0_6_1,NA,NA,completion,15357.2,2740027.4,2740021.1,2740037.6,2755394.8,2755396.8000001,2024-05-07T09:04:43Z,2755411.6,NA,NA,NA,NA,NA,NA,NA,NA,NA,NA,NA,NA,NA,NA,NA,NA,NA,NA,NA,NA,Aufstand,ugomaji,s,mazidio,msingi,kujieleza,df,NA,10
56b99,task,flow.Sequence,5_0_10_0_6,NA,NA,completion,15357.2,2740027.4,2740021.1,2740037.6,2755394.8,2755396.9,2024-05-07T09:04:43Z,2755411.6,NA,NA,NA,NA,NA,NA,NA,NA,NA,NA,NA,NA,NA,NA,NA,NA,NA,NA,NA,NA,Aufstand,ugomaji,s,mazidio,msingi,kujieleza,df,NA,10
56b99,deep,flow.Sequence,5_0_10_0_7_0,NA,NA,skipped,NA,2755396.9,NA,NA,2755394.8,2755396.9,2024-05-07T09:04:43Z,2755411.6,NA,NA,NA,NA,NA,NA,NA,NA,NA,NA,NA,NA,NA,NA,NA,NA,NA,NA,NA,NA,Prüfung,mtihani,s,mkulima,mtizamo,ufumbuzi,df,NA,10
56b99,Shallow Question,html.Page,5_0_10_0_7_1_0,mtihani,NA,form submission,7284.7000000714,2755397,2755394.8,2755411.6,2762696.3000001,2762696.6,2024-05-07T09:04:50Z,2762707,NA,NA,NA,NA,NA,NA,NA,NA,NA,NA,NA,NA,NA,NA,NA,NA,NA,NA,NA,NA,Prüfung,mtihani,s,mkulima,mtizamo,ufumbuzi,NA,NA,10
56b99,"""Richtig""-Screen",canvas.Screen,5_0_10_0_7_1_1,NA,NA,timeout,4997.1000000001,2762699.5,2762690.86,2762707,2767687.4,2767687.8000001,2024-05-07T09:04:55Z,2767704.1,NA,NA,NA,NA,NA,NA,NA,NA,NA,NA,NA,NA,NA,NA,NA,NA,NA,NA,NA,NA,Prüfung,mtihani,s,mkulima,mtizamo,ufumbuzi,df,1,10
56b99,"""Falsch""-Screen",canvas.Screen,5_0_10_0_7_1_2,NA,NA,skipped,NA,2767689.2,NA,NA,2767687.4,2767689.2,2024-05-07T09:04:55Z,2767704.1,NA,NA,NA,NA,NA,NA,NA,NA,NA,NA,NA,NA,NA,NA,NA,NA,NA,NA,NA,NA,Prüfung,mtihani,s,mkulima,mtizamo,ufumbuzi,df,NA,10
56b99,shallow,flow.Sequence,5_0_10_0_7_1,NA,NA,completion,12275.8,2755396.9,2755394.8,2755411.6,2767687.4,2767689.2,2024-05-07T09:04:55Z,2767704.1,NA,NA,NA,NA,NA,NA,NA,NA,NA,NA,NA,NA,NA,NA,NA,NA,NA,NA,NA,NA,Prüfung,mtihani,s,mkulima,mtizamo,ufumbuzi,df,NA,10
56b99,task,flow.Sequence,5_0_10_0_7,NA,NA,completion,12275.8,2755396.9,2755394.8,2755411.6,2767687.4,2767689.3000001,2024-05-07T09:04:55Z,2767704.1,NA,NA,NA,NA,NA,NA,NA,NA,NA,NA,NA,NA,NA,NA,NA,NA,NA,NA,NA,NA,Prüfung,mtihani,s,mkulima,mtizamo,ufumbuzi,df,NA,10
56b99,block,flow.Loop,5_0_10_0,NA,NA,completion,113662.62,2654027.7,2654024.78,2654024.78,2767687.4,2767689.3000001,2024-05-07T09:04:55Z,2767704.1,NA,NA,NA,NA,NA,NA,NA,NA,NA,NA,NA,NA,NA,NA,NA,NA,NA,NA,NA,NA,NA,NA,NA,NA,NA,NA,df,NA,10
56b99,weiter,canvas.Screen,5_0_10_1,sdf,keypress(Space),response,1536.7000000714,2767689.3000001,2767687.4,2767704.1,2769240.8000001,2769241.1,2024-05-07T09:04:56Z,2769269.8,NA,NA,NA,NA,NA,NA,NA,NA,NA,NA,NA,NA,NA,NA,NA,NA,NA,NA,NA,NA,NA,NA,NA,NA,NA,NA,df,NA,10
56b99,check continue,flow.Sequence,5_0_10,NA,NA,completion,115216.02000007,2654027.6,2654024.78,2654024.78,2769240.8000001,2769241.1,2024-05-07T09:04:56Z,2769269.8,NA,NA,NA,NA,NA,NA,NA,NA,NA,NA,NA,NA,NA,NA,NA,NA,NA,NA,NA,NA,NA,NA,NA,NA,NA,NA,df,NA,10
56b99,deep,flow.Sequence,5_0_11_0_0_0,NA,NA,skipped,NA,2769257,NA,NA,2769240.8000001,2769257,2024-05-07T09:04:56Z,2769269.8,NA,NA,NA,NA,NA,NA,NA,NA,NA,NA,NA,NA,NA,NA,NA,NA,NA,NA,NA,NA,Polizist,msongora,s,simanzi,mandhari,nidhamu,dfs,NA,11
56b99,Shallow Question,html.Page,5_0_11_0_0_1_0,msongora,NA,form submission,5785.0999999763,2769257.1,2769253.26,2769269.8,2775054.9,2775055.1,2024-05-07T09:05:02Z,2775066.2,NA,NA,NA,NA,NA,NA,NA,NA,NA,NA,NA,NA,NA,NA,NA,NA,NA,NA,NA,NA,Polizist,msongora,s,simanzi,mandhari,nidhamu,NA,NA,11
56b99,"""Richtig""-Screen",canvas.Screen,5_0_11_0_0_1_1,NA,NA,timeout,4997,2775056.9,2775049.784,2775066.2,2780046.6,2780047,2024-05-07T09:05:07Z,2780063.2,NA,NA,NA,NA,NA,NA,NA,NA,NA,NA,NA,NA,NA,NA,NA,NA,NA,NA,NA,NA,Polizist,msongora,s,simanzi,mandhari,nidhamu,dfs,1,11
56b99,"""Falsch""-Screen",canvas.Screen,5_0_11_0_0_1_2,NA,NA,skipped,NA,2780048.5,NA,NA,2780046.6,2780048.6,2024-05-07T09:05:07Z,2780063.2,NA,NA,NA,NA,NA,NA,NA,NA,NA,NA,NA,NA,NA,NA,NA,NA,NA,NA,NA,NA,Polizist,msongora,s,simanzi,mandhari,nidhamu,dfs,NA,11
56b99,shallow,flow.Sequence,5_0_11_0_0_1,NA,NA,completion,10776.8,2769257.1,2769253.26,2769269.8,2780046.6,2780048.6,2024-05-07T09:05:07Z,2780063.2,NA,NA,NA,NA,NA,NA,NA,NA,NA,NA,NA,NA,NA,NA,NA,NA,NA,NA,NA,NA,Polizist,msongora,s,simanzi,mandhari,nidhamu,dfs,NA,11
56b99,task,flow.Sequence,5_0_11_0_0,NA,NA,completion,10776.8,2769257,2769253.26,2769269.8,2780046.6,2780048.6,2024-05-07T09:05:07Z,2780063.2,NA,NA,NA,NA,NA,NA,NA,NA,NA,NA,NA,NA,NA,NA,NA,NA,NA,NA,NA,NA,Polizist,msongora,s,simanzi,mandhari,nidhamu,dfs,NA,11
56b99,Deep Question,html.Page,5_0_11_0_1_0_0,mad,NA,form submission,8960.9000000237,2780048.7,2780046.6,2780063.2,2789024.1,2789024.4,2024-05-07T09:05:16Z,2789041.5,NA,NA,NA,NA,NA,NA,NA,NA,NA,NA,NA,NA,NA,NA,NA,NA,NA,NA,NA,NA,Kultur,utamaduni,d,NA,NA,NA,NA,NA,11
56b99,"""Richtig""-Screen",canvas.Screen,5_0_11_0_1_0_1,NA,NA,skipped,NA,2789027.4,NA,NA,2789024.1,2789027.5,2024-05-07T09:05:16Z,2789041.5,NA,NA,NA,NA,NA,NA,NA,NA,NA,NA,NA,NA,NA,NA,NA,NA,NA,NA,NA,NA,Kultur,utamaduni,d,NA,NA,NA,dfs,NA,11
56b99,"""Falsch""-Screen",canvas.Screen,5_0_11_0_1_0_2,NA,NA,timeout,4997.1000000001,2789028.3000001,2789025.748,2789041.5,2794021.7,2794023.6,2024-05-07T09:05:21Z,2794038.6,NA,NA,NA,NA,NA,NA,NA,NA,NA,NA,NA,NA,NA,NA,NA,NA,NA,NA,NA,NA,Kultur,utamaduni,d,NA,NA,NA,dfs,0,11
56b99,deep,flow.Sequence,5_0_11_0_1_0,NA,NA,completion,13958.5,2780048.7,2780046.6,2780063.2,2794021.7,2794023.9,2024-05-07T09:05:21Z,2794038.6,NA,NA,NA,NA,NA,NA,NA,NA,NA,NA,NA,NA,NA,NA,NA,NA,NA,NA,NA,NA,Kultur,utamaduni,d,NA,NA,NA,dfs,NA,11
56b99,shallow,flow.Sequence,5_0_11_0_1_1,NA,NA,skipped,NA,2794024.2,NA,NA,2794021.7,2794024.3000001,2024-05-07T09:05:21Z,2794038.6,NA,NA,NA,NA,NA,NA,NA,NA,NA,NA,NA,NA,NA,NA,NA,NA,NA,NA,NA,NA,Kultur,utamaduni,d,NA,NA,NA,dfs,NA,11
56b99,task,flow.Sequence,5_0_11_0_1,NA,NA,completion,13958.5,2780048.6,2780046.6,2780063.2,2794021.7,2794024.4,2024-05-07T09:05:21Z,2794038.6,NA,NA,NA,NA,NA,NA,NA,NA,NA,NA,NA,NA,NA,NA,NA,NA,NA,NA,NA,NA,Kultur,utamaduni,d,NA,NA,NA,dfs,NA,11
56b99,Deep Question,html.Page,5_0_11_0_2_0_0,df,NA,form submission,12661.9,2794024.6,2794021.7,2794038.6,2806700.5,2806700.8000001,2024-05-07T09:05:34Z,2806730.6,NA,NA,NA,NA,NA,NA,NA,NA,NA,NA,NA,NA,NA,NA,NA,NA,NA,NA,NA,NA,Verzögerung,kuchelewa,d,NA,NA,NA,NA,NA,11
56b99,"""Richtig""-Screen",canvas.Screen,5_0_11_0_2_0_1,NA,NA,skipped,NA,2806702.3000001,NA,NA,2806700.5,2806702.4,2024-05-07T09:05:34Z,2806730.6,NA,NA,NA,NA,NA,NA,NA,NA,NA,NA,NA,NA,NA,NA,NA,NA,NA,NA,NA,NA,Verzögerung,kuchelewa,d,NA,NA,NA,dfs,NA,11
56b99,"""Falsch""-Screen",canvas.Screen,5_0_11_0_2_0_2,NA,NA,timeout,4997.1999999997,2806702.9,2806714.156,2806730.6,2811710.9,2811712.5,2024-05-07T09:05:39Z,2811727.8,NA,NA,NA,NA,NA,NA,NA,NA,NA,NA,NA,NA,NA,NA,NA,NA,NA,NA,NA,NA,Verzögerung,kuchelewa,d,NA,NA,NA,dfs,0,11
56b99,deep,flow.Sequence,5_0_11_0_2_0,NA,NA,completion,17672.3,2794024.6,2794021.7,2794038.6,2811710.9,2811712.9,2024-05-07T09:05:39Z,2811727.8,NA,NA,NA,NA,NA,NA,NA,NA,NA,NA,NA,NA,NA,NA,NA,NA,NA,NA,NA,NA,Verzögerung,kuchelewa,d,NA,NA,NA,dfs,NA,11
56b99,shallow,flow.Sequence,5_0_11_0_2_1,NA,NA,skipped,NA,2811713,NA,NA,2811710.9,2811713.2,2024-05-07T09:05:39Z,2811727.8,NA,NA,NA,NA,NA,NA,NA,NA,NA,NA,NA,NA,NA,NA,NA,NA,NA,NA,NA,NA,Verzögerung,kuchelewa,d,NA,NA,NA,dfs,NA,11
56b99,task,flow.Sequence,5_0_11_0_2,NA,NA,completion,17672.3,2794024.6,2794021.7,2794038.6,2811710.9,2811713.3000001,2024-05-07T09:05:39Z,2811727.8,NA,NA,NA,NA,NA,NA,NA,NA,NA,NA,NA,NA,NA,NA,NA,NA,NA,NA,NA,NA,Verzögerung,kuchelewa,d,NA,NA,NA,dfs,NA,11
56b99,Deep Question,html.Page,5_0_11_0_3_0_0,mad,NA,form submission,11213.300000024,2811713.6,2811710.9,2811727.8,2822941.1,2822941.3000001,2024-05-07T09:05:50Z,2822970.4,NA,NA,NA,NA,NA,NA,NA,NA,NA,NA,NA,NA,NA,NA,NA,NA,NA,NA,NA,NA,Sympathie,mapendano,d,NA,NA,NA,NA,NA,11
56b99,"""Richtig""-Screen",canvas.Screen,5_0_11_0_3_0_1,NA,NA,skipped,NA,2822944.3000001,NA,NA,2822941.1,2822944.5,2024-05-07T09:05:50Z,2822970.4,NA,NA,NA,NA,NA,NA,NA,NA,NA,NA,NA,NA,NA,NA,NA,NA,NA,NA,NA,NA,Sympathie,mapendano,d,NA,NA,NA,dfs,NA,11
56b99,"""Falsch""-Screen",canvas.Screen,5_0_11_0_3_0_2,NA,NA,timeout,4997.5,2822945.3000001,2822954.266,2822970.4,2827950.6,2827951.5,2024-05-07T09:05:55Z,2827967.9,NA,NA,NA,NA,NA,NA,NA,NA,NA,NA,NA,NA,NA,NA,NA,NA,NA,NA,NA,NA,Sympathie,mapendano,d,NA,NA,NA,dfs,0,11
56b99,deep,flow.Sequence,5_0_11_0_3_0,NA,NA,completion,16222.8,2811713.5,2811710.9,2811727.8,2827950.6,2827951.9,2024-05-07T09:05:55Z,2827967.9,NA,NA,NA,NA,NA,NA,NA,NA,NA,NA,NA,NA,NA,NA,NA,NA,NA,NA,NA,NA,Sympathie,mapendano,d,NA,NA,NA,dfs,NA,11
56b99,shallow,flow.Sequence,5_0_11_0_3_1,NA,NA,skipped,NA,2827952,NA,NA,2827950.6,2827952.1,2024-05-07T09:05:55Z,2827967.9,NA,NA,NA,NA,NA,NA,NA,NA,NA,NA,NA,NA,NA,NA,NA,NA,NA,NA,NA,NA,Sympathie,mapendano,d,NA,NA,NA,dfs,NA,11
56b99,task,flow.Sequence,5_0_11_0_3,NA,NA,completion,16222.8,2811713.5,2811710.9,2811727.8,2827950.6,2827952.3000001,2024-05-07T09:05:55Z,2827967.9,NA,NA,NA,NA,NA,NA,NA,NA,NA,NA,NA,NA,NA,NA,NA,NA,NA,NA,NA,NA,Sympathie,mapendano,d,NA,NA,NA,dfs,NA,11
56b99,deep,flow.Sequence,5_0_11_0_4_0,NA,NA,skipped,NA,2827952.4,NA,NA,2827950.6,2827952.5,2024-05-07T09:05:55Z,2827967.9,NA,NA,NA,NA,NA,NA,NA,NA,NA,NA,NA,NA,NA,NA,NA,NA,NA,NA,NA,NA,Beweis,ushahidi,s,marudio,kizuizi,mtendaji,dfs,NA,11
56b99,Shallow Question,html.Page,5_0_11_0_4_1_0,ushahidi,NA,form submission,6664.2000000239,2827952.6,2827950.6,2827967.9,2834632.1,2834632.3000001,2024-05-07T09:06:02Z,2834646.5,NA,NA,NA,NA,NA,NA,NA,NA,NA,NA,NA,NA,NA,NA,NA,NA,NA,NA,NA,NA,Beweis,ushahidi,s,marudio,kizuizi,mtendaji,NA,NA,11
56b99,"""Richtig""-Screen",canvas.Screen,5_0_11_0_4_1_1,NA,NA,timeout,4997.1000000001,2834635.2,2834630.556,2834646.5,2839627.3,2839628.1,2024-05-07T09:06:07Z,2839643.6,NA,NA,NA,NA,NA,NA,NA,NA,NA,NA,NA,NA,NA,NA,NA,NA,NA,NA,NA,NA,Beweis,ushahidi,s,marudio,kizuizi,mtendaji,dfs,1,11
56b99,"""Falsch""-Screen",canvas.Screen,5_0_11_0_4_1_2,NA,NA,skipped,NA,2839632.9,NA,NA,2839627.3,2839633.1,2024-05-07T09:06:07Z,2839643.6,NA,NA,NA,NA,NA,NA,NA,NA,NA,NA,NA,NA,NA,NA,NA,NA,NA,NA,NA,NA,Beweis,ushahidi,s,marudio,kizuizi,mtendaji,dfs,NA,11
56b99,shallow,flow.Sequence,5_0_11_0_4_1,NA,NA,completion,11659.4,2827952.5,2827950.6,2827967.9,2839627.3,2839633.3000001,2024-05-07T09:06:07Z,2839643.6,NA,NA,NA,NA,NA,NA,NA,NA,NA,NA,NA,NA,NA,NA,NA,NA,NA,NA,NA,NA,Beweis,ushahidi,s,marudio,kizuizi,mtendaji,dfs,NA,11
56b99,task,flow.Sequence,5_0_11_0_4,NA,NA,completion,11659.4,2827952.3000001,2827950.6,2827967.9,2839627.3,2839633.4,2024-05-07T09:06:07Z,2839643.6,NA,NA,NA,NA,NA,NA,NA,NA,NA,NA,NA,NA,NA,NA,NA,NA,NA,NA,NA,NA,Beweis,ushahidi,s,marudio,kizuizi,mtendaji,dfs,NA,11
56b99,Deep Question,html.Page,5_0_11_0_5_0_0,kilewa,NA,form submission,24026.4,2839633.6,2839627.3,2839643.6,2863670,2863670.3000001,2024-05-07T09:06:31Z,2863679,NA,NA,NA,NA,NA,NA,NA,NA,NA,NA,NA,NA,NA,NA,NA,NA,NA,NA,NA,NA,Annäherung,maegesho,d,NA,NA,NA,NA,NA,11
56b99,"""Richtig""-Screen",canvas.Screen,5_0_11_0_5_0_1,NA,NA,skipped,NA,2863673.3000001,NA,NA,2863670,2863673.5,2024-05-07T09:06:31Z,2863679,NA,NA,NA,NA,NA,NA,NA,NA,NA,NA,NA,NA,NA,NA,NA,NA,NA,NA,NA,NA,Annäherung,maegesho,d,NA,NA,NA,dfs,NA,11
56b99,"""Falsch""-Screen",canvas.Screen,5_0_11_0_5_0_2,NA,NA,timeout,4997,2863674.2,2863662.8,2863679,2868659.1,2868659.7,2024-05-07T09:06:36Z,2868676,NA,NA,NA,NA,NA,NA,NA,NA,NA,NA,NA,NA,NA,NA,NA,NA,NA,NA,NA,NA,Annäherung,maegesho,d,NA,NA,NA,dfs,0,11
56b99,deep,flow.Sequence,5_0_11_0_5_0,NA,NA,completion,29015.5,2839633.6,2839627.3,2839643.6,2868659.1,2868659.9,2024-05-07T09:06:36Z,2868676,NA,NA,NA,NA,NA,NA,NA,NA,NA,NA,NA,NA,NA,NA,NA,NA,NA,NA,NA,NA,Annäherung,maegesho,d,NA,NA,NA,dfs,NA,11
56b99,shallow,flow.Sequence,5_0_11_0_5_1,NA,NA,skipped,NA,2868659.9,NA,NA,2868659.1,2868660,2024-05-07T09:06:36Z,2868676,NA,NA,NA,NA,NA,NA,NA,NA,NA,NA,NA,NA,NA,NA,NA,NA,NA,NA,NA,NA,Annäherung,maegesho,d,NA,NA,NA,dfs,NA,11
56b99,task,flow.Sequence,5_0_11_0_5,NA,NA,completion,29015.5,2839633.5,2839627.3,2839643.6,2868659.1,2868660.1,2024-05-07T09:06:36Z,2868676,NA,NA,NA,NA,NA,NA,NA,NA,NA,NA,NA,NA,NA,NA,NA,NA,NA,NA,NA,NA,Annäherung,maegesho,d,NA,NA,NA,dfs,NA,11
56b99,deep,flow.Sequence,5_0_11_0_6_0,NA,NA,skipped,NA,2868660.1,NA,NA,2868659.1,2868660.2,2024-05-07T09:06:36Z,2868676,NA,NA,NA,NA,NA,NA,NA,NA,NA,NA,NA,NA,NA,NA,NA,NA,NA,NA,NA,NA,Aufstand,ugomaji,s,mazidio,msingi,kujieleza,dfs,NA,11
56b99,Shallow Question,html.Page,5_0_11_0_6_1_0,ugomaji,NA,form submission,13148.600000024,2868660.2,2868659.1,2868676,2881824.6,2881824.8000001,2024-05-07T09:06:49Z,2881834.4,NA,NA,NA,NA,NA,NA,NA,NA,NA,NA,NA,NA,NA,NA,NA,NA,NA,NA,NA,NA,Aufstand,ugomaji,s,mazidio,msingi,kujieleza,NA,NA,11
56b99,"""Richtig""-Screen",canvas.Screen,5_0_11_0_6_1_1,NA,NA,timeout,4997.3000000003,2881828.1,2881819.024,2881834.4,2886814.9,2886815.8000001,2024-05-07T09:06:54Z,2886831.7,NA,NA,NA,NA,NA,NA,NA,NA,NA,NA,NA,NA,NA,NA,NA,NA,NA,NA,NA,NA,Aufstand,ugomaji,s,mazidio,msingi,kujieleza,dfs,1,11
56b99,"""Falsch""-Screen",canvas.Screen,5_0_11_0_6_1_2,NA,NA,skipped,NA,2886820.8000001,NA,NA,2886814.9,2886820.8000001,2024-05-07T09:06:54Z,2886831.7,NA,NA,NA,NA,NA,NA,NA,NA,NA,NA,NA,NA,NA,NA,NA,NA,NA,NA,NA,NA,Aufstand,ugomaji,s,mazidio,msingi,kujieleza,dfs,NA,11
56b99,shallow,flow.Sequence,5_0_11_0_6_1,NA,NA,completion,18138.9,2868660.2,2868659.1,2868676,2886814.9,2886820.9,2024-05-07T09:06:54Z,2886831.7,NA,NA,NA,NA,NA,NA,NA,NA,NA,NA,NA,NA,NA,NA,NA,NA,NA,NA,NA,NA,Aufstand,ugomaji,s,mazidio,msingi,kujieleza,dfs,NA,11
56b99,task,flow.Sequence,5_0_11_0_6,NA,NA,completion,18138.9,2868660.1,2868659.1,2868676,2886814.9,2886820.9,2024-05-07T09:06:54Z,2886831.7,NA,NA,NA,NA,NA,NA,NA,NA,NA,NA,NA,NA,NA,NA,NA,NA,NA,NA,NA,NA,Aufstand,ugomaji,s,mazidio,msingi,kujieleza,dfs,NA,11
56b99,deep,flow.Sequence,5_0_11_0_7_0,NA,NA,skipped,NA,2886821,NA,NA,2886814.9,2886821.1,2024-05-07T09:06:54Z,2886831.7,NA,NA,NA,NA,NA,NA,NA,NA,NA,NA,NA,NA,NA,NA,NA,NA,NA,NA,NA,NA,Prüfung,mtihani,s,mkulima,mtizamo,ufumbuzi,dfs,NA,11
56b99,Shallow Question,html.Page,5_0_11_0_7_1_0,mtizamo,NA,form submission,7995.0000000475,2886821.1,2886814.9,2886831.7,2894826.7,2894826.9,2024-05-07T09:07:02Z,2894843.8,NA,NA,NA,NA,NA,NA,NA,NA,NA,NA,NA,NA,NA,NA,NA,NA,NA,NA,NA,NA,Prüfung,mtihani,s,mkulima,mtizamo,ufumbuzi,NA,NA,11
56b99,"""Richtig""-Screen",canvas.Screen,5_0_11_0_7_1_1,NA,NA,skipped,NA,2894829.9,NA,NA,2894826.7,2894830.1,2024-05-07T09:07:02Z,2894843.8,NA,NA,NA,NA,NA,NA,NA,NA,NA,NA,NA,NA,NA,NA,NA,NA,NA,NA,NA,NA,Prüfung,mtihani,s,mkulima,mtizamo,ufumbuzi,dfs,NA,11
56b99,"""Falsch""-Screen",canvas.Screen,5_0_11_0_7_1_2,NA,NA,timeout,4996.2000000002,2894830.7,2894826.93,2894843.8,2899823.9,2899825,2024-05-07T09:07:07Z,2899840,NA,NA,NA,NA,NA,NA,NA,NA,NA,NA,NA,NA,NA,NA,NA,NA,NA,NA,NA,NA,Prüfung,mtihani,s,mkulima,mtizamo,ufumbuzi,dfs,0,11
56b99,shallow,flow.Sequence,5_0_11_0_7_1,NA,NA,completion,12992.2,2886821.1,2886814.9,2886831.7,2899823.9,2899825.2,2024-05-07T09:07:07Z,2899840,NA,NA,NA,NA,NA,NA,NA,NA,NA,NA,NA,NA,NA,NA,NA,NA,NA,NA,NA,NA,Prüfung,mtihani,s,mkulima,mtizamo,ufumbuzi,dfs,NA,11
56b99,task,flow.Sequence,5_0_11_0_7,NA,NA,completion,12992.2,2886821,2886814.9,2886831.7,2899823.9,2899825.4,2024-05-07T09:07:07Z,2899840,NA,NA,NA,NA,NA,NA,NA,NA,NA,NA,NA,NA,NA,NA,NA,NA,NA,NA,NA,NA,Prüfung,mtihani,s,mkulima,mtizamo,ufumbuzi,dfs,NA,11
56b99,block,flow.Loop,5_0_11_0,NA,NA,completion,130554.1,2769257,2769253.26,2769269.8,2899823.9,2899825.7,2024-05-07T09:07:07Z,2899840,NA,NA,NA,NA,NA,NA,NA,NA,NA,NA,NA,NA,NA,NA,NA,NA,NA,NA,NA,NA,NA,NA,NA,NA,NA,NA,dfs,NA,11
56b99,weiter,canvas.Screen,5_0_11_1,sdf,keypress(Space),response,1419.2000000477,2899825.9,2899823.9,2899840,2901259.2,2901260.1,2024-05-07T09:07:08Z,2901273.282,NA,NA,NA,NA,NA,NA,NA,NA,NA,NA,NA,NA,NA,NA,NA,NA,NA,NA,NA,NA,NA,NA,NA,NA,NA,NA,dfs,NA,11
56b99,check continue,flow.Sequence,5_0_11,NA,NA,completion,131989.40000005,2769257,2769253.26,2769269.8,2901259.2,2901260.4,2024-05-07T09:07:08Z,2901273.282,NA,NA,NA,NA,NA,NA,NA,NA,NA,NA,NA,NA,NA,NA,NA,NA,NA,NA,NA,NA,NA,NA,NA,NA,NA,NA,dfs,NA,11
56b99,Deep Question,html.Page,5_0_12_0_0_0_0,s,NA,form submission,10747.018000071,2901277.9,2901273.282,2901273.282,2912020.3000001,2912020.6,2024-05-07T09:07:19Z,2912032.7,NA,NA,NA,NA,NA,NA,NA,NA,NA,NA,NA,NA,NA,NA,NA,NA,NA,NA,NA,NA,Verzögerung,kuchelewa,d,NA,NA,NA,NA,NA,12
56b99,"""Richtig""-Screen",canvas.Screen,5_0_12_0_0_0_1,NA,NA,skipped,NA,2912023.1,NA,NA,2912020.3000001,2912023.2,2024-05-07T09:07:19Z,2912032.7,NA,NA,NA,NA,NA,NA,NA,NA,NA,NA,NA,NA,NA,NA,NA,NA,NA,NA,NA,NA,Verzögerung,kuchelewa,d,NA,NA,NA,dsf,NA,12
56b99,"""Falsch""-Screen",canvas.Screen,5_0_12_0_0_0_2,NA,NA,timeout,4997.2999999998,2912023.7,2912016.684,2912032.7,2917013.2,2917014.2,2024-05-07T09:07:24Z,2917030,NA,NA,NA,NA,NA,NA,NA,NA,NA,NA,NA,NA,NA,NA,NA,NA,NA,NA,NA,NA,Verzögerung,kuchelewa,d,NA,NA,NA,dsf,0,12
56b99,deep,flow.Sequence,5_0_12_0_0_0,NA,NA,completion,15739.918,2901277.9,2901273.282,2901273.282,2917013.2,2917014.6,2024-05-07T09:07:24Z,2917030,NA,NA,NA,NA,NA,NA,NA,NA,NA,NA,NA,NA,NA,NA,NA,NA,NA,NA,NA,NA,Verzögerung,kuchelewa,d,NA,NA,NA,dsf,NA,12
56b99,shallow,flow.Sequence,5_0_12_0_0_1,NA,NA,skipped,NA,2917014.7,NA,NA,2917013.2,2917014.8000001,2024-05-07T09:07:24Z,2917030,NA,NA,NA,NA,NA,NA,NA,NA,NA,NA,NA,NA,NA,NA,NA,NA,NA,NA,NA,NA,Verzögerung,kuchelewa,d,NA,NA,NA,dsf,NA,12
56b99,task,flow.Sequence,5_0_12_0_0,NA,NA,completion,15739.918,2901277.9,2901273.282,2901273.282,2917013.2,2917015,2024-05-07T09:07:24Z,2917030,NA,NA,NA,NA,NA,NA,NA,NA,NA,NA,NA,NA,NA,NA,NA,NA,NA,NA,NA,NA,Verzögerung,kuchelewa,d,NA,NA,NA,dsf,NA,12
56b99,Deep Question,html.Page,5_0_12_0_1_0_0,s,NA,form submission,8877.7000000477,2917015.2,2917013.2,2917030,2925907.7,2925908,2024-05-07T09:07:33Z,2925925.9,NA,NA,NA,NA,NA,NA,NA,NA,NA,NA,NA,NA,NA,NA,NA,NA,NA,NA,NA,NA,Sympathie,mapendano,d,NA,NA,NA,NA,NA,12
56b99,"""Richtig""-Screen",canvas.Screen,5_0_12_0_1_0_1,NA,NA,skipped,NA,2925911,NA,NA,2925907.7,2925911.1,2024-05-07T09:07:33Z,2925925.9,NA,NA,NA,NA,NA,NA,NA,NA,NA,NA,NA,NA,NA,NA,NA,NA,NA,NA,NA,NA,Sympathie,mapendano,d,NA,NA,NA,dsf,NA,12
56b99,"""Falsch""-Screen",canvas.Screen,5_0_12_0_1_0_2,NA,NA,timeout,4995.7000000002,2925911.9,2925910.21,2925925.9,2930904.6,2930905.5,2024-05-07T09:07:38Z,2930921.6,NA,NA,NA,NA,NA,NA,NA,NA,NA,NA,NA,NA,NA,NA,NA,NA,NA,NA,NA,NA,Sympathie,mapendano,d,NA,NA,NA,dsf,0,12
56b99,deep,flow.Sequence,5_0_12_0_1_0,NA,NA,completion,13874.6,2917015.1,2917013.2,2917030,2930904.6,2930905.9,2024-05-07T09:07:38Z,2930921.6,NA,NA,NA,NA,NA,NA,NA,NA,NA,NA,NA,NA,NA,NA,NA,NA,NA,NA,NA,NA,Sympathie,mapendano,d,NA,NA,NA,dsf,NA,12
56b99,shallow,flow.Sequence,5_0_12_0_1_1,NA,NA,skipped,NA,2930906,NA,NA,2930904.6,2930906.2,2024-05-07T09:07:38Z,2930921.6,NA,NA,NA,NA,NA,NA,NA,NA,NA,NA,NA,NA,NA,NA,NA,NA,NA,NA,NA,NA,Sympathie,mapendano,d,NA,NA,NA,dsf,NA,12
56b99,task,flow.Sequence,5_0_12_0_1,NA,NA,completion,13874.6,2917015.1,2917013.2,2917030,2930904.6,2930906.3000001,2024-05-07T09:07:38Z,2930921.6,NA,NA,NA,NA,NA,NA,NA,NA,NA,NA,NA,NA,NA,NA,NA,NA,NA,NA,NA,NA,Sympathie,mapendano,d,NA,NA,NA,dsf,NA,12
56b99,deep,flow.Sequence,5_0_12_0_2_0,NA,NA,skipped,NA,2930906.5,NA,NA,2930904.6,2930906.6,2024-05-07T09:07:38Z,2930921.6,NA,NA,NA,NA,NA,NA,NA,NA,NA,NA,NA,NA,NA,NA,NA,NA,NA,NA,NA,NA,Prüfung,mtihani,s,mkulima,mtizamo,ufumbuzi,dsf,NA,12
56b99,Shallow Question,html.Page,5_0_12_0_2_1_0,mtihani,NA,form submission,9368.7999999761,2930906.7,2930904.6,2930921.6,2940290.4,2940290.6,2024-05-07T09:07:47Z,2940298.8,NA,NA,NA,NA,NA,NA,NA,NA,NA,NA,NA,NA,NA,NA,NA,NA,NA,NA,NA,NA,Prüfung,mtihani,s,mkulima,mtizamo,ufumbuzi,NA,NA,12
56b99,"""Richtig""-Screen",canvas.Screen,5_0_12_0_2_1_1,NA,NA,timeout,4997.1000000001,2940293.6,2940283.3,2940298.8,2945279.2,2945280.1,2024-05-07T09:07:52Z,2945295.9,NA,NA,NA,NA,NA,NA,NA,NA,NA,NA,NA,NA,NA,NA,NA,NA,NA,NA,NA,NA,Prüfung,mtihani,s,mkulima,mtizamo,ufumbuzi,dsf,1,12
56b99,"""Falsch""-Screen",canvas.Screen,5_0_12_0_2_1_2,NA,NA,skipped,NA,2945284.9,NA,NA,2945279.2,2945285,2024-05-07T09:07:52Z,2945295.9,NA,NA,NA,NA,NA,NA,NA,NA,NA,NA,NA,NA,NA,NA,NA,NA,NA,NA,NA,NA,Prüfung,mtihani,s,mkulima,mtizamo,ufumbuzi,dsf,NA,12
56b99,shallow,flow.Sequence,5_0_12_0_2_1,NA,NA,completion,14357.6,2930906.6,2930904.6,2930921.6,2945279.2,2945285,2024-05-07T09:07:52Z,2945295.9,NA,NA,NA,NA,NA,NA,NA,NA,NA,NA,NA,NA,NA,NA,NA,NA,NA,NA,NA,NA,Prüfung,mtihani,s,mkulima,mtizamo,ufumbuzi,dsf,NA,12
56b99,task,flow.Sequence,5_0_12_0_2,NA,NA,completion,14357.6,2930906.4,2930904.6,2930921.6,2945279.2,2945285.2,2024-05-07T09:07:52Z,2945295.9,NA,NA,NA,NA,NA,NA,NA,NA,NA,NA,NA,NA,NA,NA,NA,NA,NA,NA,NA,NA,Prüfung,mtihani,s,mkulima,mtizamo,ufumbuzi,dsf,NA,12
56b99,deep,flow.Sequence,5_0_12_0_3_0,NA,NA,skipped,NA,2945285.2,NA,NA,2945279.2,2945285.2,2024-05-07T09:07:52Z,2945295.9,NA,NA,NA,NA,NA,NA,NA,NA,NA,NA,NA,NA,NA,NA,NA,NA,NA,NA,NA,NA,Aufstand,ugomaji,s,mazidio,msingi,kujieleza,dsf,NA,12
56b99,Shallow Question,html.Page,5_0_12_0_3_1_0,ugomaji,NA,form submission,4722.7000000239,2945285.2,2945279.2,2945295.9,2950018.6,2950018.9,2024-05-07T09:07:57Z,2950026.1,NA,NA,NA,NA,NA,NA,NA,NA,NA,NA,NA,NA,NA,NA,NA,NA,NA,NA,NA,NA,Aufstand,ugomaji,s,mazidio,msingi,kujieleza,NA,NA,12
56b99,"""Richtig""-Screen",canvas.Screen,5_0_12_0_3_1_1,NA,NA,timeout,4997.5,2950021.7,2950010.2,2950026.1,2955006.7,2955007.5,2024-05-07T09:08:02Z,2955023.6,NA,NA,NA,NA,NA,NA,NA,NA,NA,NA,NA,NA,NA,NA,NA,NA,NA,NA,NA,NA,Aufstand,ugomaji,s,mazidio,msingi,kujieleza,dsf,1,12
56b99,"""Falsch""-Screen",canvas.Screen,5_0_12_0_3_1_2,NA,NA,skipped,NA,2955012.3000001,NA,NA,2955006.7,2955012.5,2024-05-07T09:08:02Z,2955023.6,NA,NA,NA,NA,NA,NA,NA,NA,NA,NA,NA,NA,NA,NA,NA,NA,NA,NA,NA,NA,Aufstand,ugomaji,s,mazidio,msingi,kujieleza,dsf,NA,12
56b99,shallow,flow.Sequence,5_0_12_0_3_1,NA,NA,completion,9710.8000000003,2945285.2,2945279.2,2945295.9,2955006.7,2955012.7,2024-05-07T09:08:02Z,2955023.6,NA,NA,NA,NA,NA,NA,NA,NA,NA,NA,NA,NA,NA,NA,NA,NA,NA,NA,NA,NA,Aufstand,ugomaji,s,mazidio,msingi,kujieleza,dsf,NA,12
56b99,task,flow.Sequence,5_0_12_0_3,NA,NA,completion,9710.8000000003,2945285.2,2945279.2,2945295.9,2955006.7,2955012.9,2024-05-07T09:08:02Z,2955023.6,NA,NA,NA,NA,NA,NA,NA,NA,NA,NA,NA,NA,NA,NA,NA,NA,NA,NA,NA,NA,Aufstand,ugomaji,s,mazidio,msingi,kujieleza,dsf,NA,12
56b99,Deep Question,html.Page,5_0_12_0_4_0_0,kuchelewa,NA,form submission,23313.000000024,2955012.9,2955006.7,2955023.6,2978336.6,2978336.8000001,2024-05-07T09:08:26Z,2978342.2,NA,NA,NA,NA,NA,NA,NA,NA,NA,NA,NA,NA,NA,NA,NA,NA,NA,NA,NA,NA,Kultur,utamaduni,d,NA,NA,NA,NA,NA,12
56b99,"""Richtig""-Screen",canvas.Screen,5_0_12_0_4_0_1,NA,NA,skipped,NA,2978339.8000001,NA,NA,2978336.6,2978339.9,2024-05-07T09:08:26Z,2978342.2,NA,NA,NA,NA,NA,NA,NA,NA,NA,NA,NA,NA,NA,NA,NA,NA,NA,NA,NA,NA,Kultur,utamaduni,d,NA,NA,NA,dsf,NA,12
56b99,"""Falsch""-Screen",canvas.Screen,5_0_12_0_4_0_2,NA,NA,timeout,4997.1999999997,2978340.2,2978325.964,2978342.2,2983322.9,2983323.6,2024-05-07T09:08:31Z,2983339.4,NA,NA,NA,NA,NA,NA,NA,NA,NA,NA,NA,NA,NA,NA,NA,NA,NA,NA,NA,NA,Kultur,utamaduni,d,NA,NA,NA,dsf,0,12
56b99,deep,flow.Sequence,5_0_12_0_4_0,NA,NA,completion,28299.3,2955012.9,2955006.7,2955023.6,2983322.9,2983323.8000001,2024-05-07T09:08:31Z,2983339.4,NA,NA,NA,NA,NA,NA,NA,NA,NA,NA,NA,NA,NA,NA,NA,NA,NA,NA,NA,NA,Kultur,utamaduni,d,NA,NA,NA,dsf,NA,12
56b99,shallow,flow.Sequence,5_0_12_0_4_1,NA,NA,skipped,NA,2983323.9,NA,NA,2983322.9,2983323.9,2024-05-07T09:08:31Z,2983339.4,NA,NA,NA,NA,NA,NA,NA,NA,NA,NA,NA,NA,NA,NA,NA,NA,NA,NA,NA,NA,Kultur,utamaduni,d,NA,NA,NA,dsf,NA,12
56b99,task,flow.Sequence,5_0_12_0_4,NA,NA,completion,28299.3,2955012.9,2955006.7,2955023.6,2983322.9,2983324.1,2024-05-07T09:08:31Z,2983339.4,NA,NA,NA,NA,NA,NA,NA,NA,NA,NA,NA,NA,NA,NA,NA,NA,NA,NA,NA,NA,Kultur,utamaduni,d,NA,NA,NA,dsf,NA,12
56b99,deep,flow.Sequence,5_0_12_0_5_0,NA,NA,skipped,NA,2983324.2,NA,NA,2983322.9,2983324.3000001,2024-05-07T09:08:31Z,2983339.4,NA,NA,NA,NA,NA,NA,NA,NA,NA,NA,NA,NA,NA,NA,NA,NA,NA,NA,NA,NA,Beweis,ushahidi,s,marudio,kizuizi,mtendaji,dsf,NA,12
56b99,Shallow Question,html.Page,5_0_12_0_5_1_0,ushahidi,NA,form submission,9193.2000000239,2983324.4,2983322.9,2983339.4,2992532.6,2992532.8000001,2024-05-07T09:08:40Z,2992550.5,NA,NA,NA,NA,NA,NA,NA,NA,NA,NA,NA,NA,NA,NA,NA,NA,NA,NA,NA,NA,Beweis,ushahidi,s,marudio,kizuizi,mtendaji,NA,NA,12
56b99,"""Richtig""-Screen",canvas.Screen,5_0_12_0_5_1_1,NA,NA,timeout,4996.6000000001,2992536,2992534.4,2992550.5,2997530.6,2997532.9,2024-05-07T09:08:45Z,2997547.1,NA,NA,NA,NA,NA,NA,NA,NA,NA,NA,NA,NA,NA,NA,NA,NA,NA,NA,NA,NA,Beweis,ushahidi,s,marudio,kizuizi,mtendaji,dsf,1,12
56b99,"""Falsch""-Screen",canvas.Screen,5_0_12_0_5_1_2,NA,NA,skipped,NA,2997538.7,NA,NA,2997530.6,2997538.9,2024-05-07T09:08:45Z,2997547.1,NA,NA,NA,NA,NA,NA,NA,NA,NA,NA,NA,NA,NA,NA,NA,NA,NA,NA,NA,NA,Beweis,ushahidi,s,marudio,kizuizi,mtendaji,dsf,NA,12
56b99,shallow,flow.Sequence,5_0_12_0_5_1,NA,NA,completion,14191.2,2983324.3000001,2983322.9,2983339.4,2997530.6,2997539.2,2024-05-07T09:08:45Z,2997547.1,NA,NA,NA,NA,NA,NA,NA,NA,NA,NA,NA,NA,NA,NA,NA,NA,NA,NA,NA,NA,Beweis,ushahidi,s,marudio,kizuizi,mtendaji,dsf,NA,12
56b99,task,flow.Sequence,5_0_12_0_5,NA,NA,completion,14191.2,2983324.2,2983322.9,2983339.4,2997530.6,2997539.3000001,2024-05-07T09:08:45Z,2997547.1,NA,NA,NA,NA,NA,NA,NA,NA,NA,NA,NA,NA,NA,NA,NA,NA,NA,NA,NA,NA,Beweis,ushahidi,s,marudio,kizuizi,mtendaji,dsf,NA,12
56b99,Deep Question,html.Page,5_0_12_0_6_0_0,kuchelewa,NA,form submission,17851.200000071,2997539.5,2997530.6,2997547.1,3015398.3000001,3015398.5,2024-05-07T09:09:03Z,3015402.9,NA,NA,NA,NA,NA,NA,NA,NA,NA,NA,NA,NA,NA,NA,NA,NA,NA,NA,NA,NA,Annäherung,maegesho,d,NA,NA,NA,NA,NA,12
56b99,"""Richtig""-Screen",canvas.Screen,5_0_12_0_6_0_1,NA,NA,skipped,NA,3015401.4,NA,NA,3015398.3000001,3015401.5,2024-05-07T09:09:03Z,3015402.9,NA,NA,NA,NA,NA,NA,NA,NA,NA,NA,NA,NA,NA,NA,NA,NA,NA,NA,NA,NA,Annäherung,maegesho,d,NA,NA,NA,dsf,NA,12
56b99,"""Falsch""-Screen",canvas.Screen,5_0_12_0_6_0_2,NA,NA,timeout,4997.3000000003,3015402.3000001,3015386.796,3015402.9,3020383.7,3020384.1,2024-05-07T09:09:08Z,3020400.2,NA,NA,NA,NA,NA,NA,NA,NA,NA,NA,NA,NA,NA,NA,NA,NA,NA,NA,NA,NA,Annäherung,maegesho,d,NA,NA,NA,dsf,0,12
56b99,deep,flow.Sequence,5_0_12_0_6_0,NA,NA,completion,22836.6,2997539.4,2997530.6,2997547.1,3020383.7,3020384.4,2024-05-07T09:09:08Z,3020400.2,NA,NA,NA,NA,NA,NA,NA,NA,NA,NA,NA,NA,NA,NA,NA,NA,NA,NA,NA,NA,Annäherung,maegesho,d,NA,NA,NA,dsf,NA,12
56b99,shallow,flow.Sequence,5_0_12_0_6_1,NA,NA,skipped,NA,3020384.4,NA,NA,3020383.7,3020384.5,2024-05-07T09:09:08Z,3020400.2,NA,NA,NA,NA,NA,NA,NA,NA,NA,NA,NA,NA,NA,NA,NA,NA,NA,NA,NA,NA,Annäherung,maegesho,d,NA,NA,NA,dsf,NA,12
56b99,task,flow.Sequence,5_0_12_0_6,NA,NA,completion,22836.6,2997539.4,2997530.6,2997547.1,3020383.7,3020384.5,2024-05-07T09:09:08Z,3020400.2,NA,NA,NA,NA,NA,NA,NA,NA,NA,NA,NA,NA,NA,NA,NA,NA,NA,NA,NA,NA,Annäherung,maegesho,d,NA,NA,NA,dsf,NA,12
56b99,deep,flow.Sequence,5_0_12_0_7_0,NA,NA,skipped,NA,3020384.5,NA,NA,3020383.7,3020384.5,2024-05-07T09:09:08Z,3020400.2,NA,NA,NA,NA,NA,NA,NA,NA,NA,NA,NA,NA,NA,NA,NA,NA,NA,NA,NA,NA,Polizist,msongora,s,simanzi,mandhari,nidhamu,dsf,NA,12
56b99,Shallow Question,html.Page,5_0_12_0_7_1_0,mandhari,NA,form submission,7434.1000000713,3020384.6,3020383.7,3020400.2,3027834.3000001,3027834.5,2024-05-07T09:09:15Z,3027845.3,NA,NA,NA,NA,NA,NA,NA,NA,NA,NA,NA,NA,NA,NA,NA,NA,NA,NA,NA,NA,Polizist,msongora,s,simanzi,mandhari,nidhamu,NA,NA,12
56b99,"""Richtig""-Screen",canvas.Screen,5_0_12_0_7_1_1,NA,NA,skipped,NA,3027837.5,NA,NA,3027834.3000001,3027837.7,2024-05-07T09:09:15Z,3027845.3,NA,NA,NA,NA,NA,NA,NA,NA,NA,NA,NA,NA,NA,NA,NA,NA,NA,NA,NA,NA,Polizist,msongora,s,simanzi,mandhari,nidhamu,dsf,NA,12
56b99,"""Falsch""-Screen",canvas.Screen,5_0_12_0_7_1_2,NA,NA,timeout,4996.9000000004,3027838.4,3027829.33,3027845.3,3032825.9,3032826.8000001,2024-05-07T09:09:20Z,3032842.2,NA,NA,NA,NA,NA,NA,NA,NA,NA,NA,NA,NA,NA,NA,NA,NA,NA,NA,NA,NA,Polizist,msongora,s,simanzi,mandhari,nidhamu,dsf,0,12
56b99,shallow,flow.Sequence,5_0_12_0_7_1,NA,NA,completion,12425.7,3020384.5,3020383.7,3020400.2,3032825.9,3032827.1,2024-05-07T09:09:20Z,3032842.2,NA,NA,NA,NA,NA,NA,NA,NA,NA,NA,NA,NA,NA,NA,NA,NA,NA,NA,NA,NA,Polizist,msongora,s,simanzi,mandhari,nidhamu,dsf,NA,12
56b99,task,flow.Sequence,5_0_12_0_7,NA,NA,completion,12425.7,3020384.5,3020383.7,3020400.2,3032825.9,3032827.2,2024-05-07T09:09:20Z,3032842.2,NA,NA,NA,NA,NA,NA,NA,NA,NA,NA,NA,NA,NA,NA,NA,NA,NA,NA,NA,NA,Polizist,msongora,s,simanzi,mandhari,nidhamu,dsf,NA,12
56b99,block,flow.Loop,5_0_12_0,NA,NA,completion,131552.618,2901277.9,2901273.282,2901273.282,3032825.9,3032827.5,2024-05-07T09:09:20Z,3032842.2,NA,NA,NA,NA,NA,NA,NA,NA,NA,NA,NA,NA,NA,NA,NA,NA,NA,NA,NA,NA,NA,NA,NA,NA,NA,NA,dsf,NA,12
56b99,weiter,canvas.Screen,5_0_12_1,sdf,keypress(Space),response,1494.0000000475,3032827.5,3032825.9,3032842.2,3034336.2,3034337.1,2024-05-07T09:09:22Z,3034342.14,NA,NA,NA,NA,NA,NA,NA,NA,NA,NA,NA,NA,NA,NA,NA,NA,NA,NA,NA,NA,NA,NA,NA,NA,NA,NA,dsf,NA,12
56b99,check continue,flow.Sequence,5_0_12,NA,NA,completion,133062.91800005,2901277.9,2901273.282,2901273.282,3034336.2,3034337.3000001,2024-05-07T09:09:22Z,3034342.14,NA,NA,NA,NA,NA,NA,NA,NA,NA,NA,NA,NA,NA,NA,NA,NA,NA,NA,NA,NA,NA,NA,NA,NA,NA,NA,dsf,NA,12
56b99,Deep Question,html.Page,5_0_13_0_0_0_0,kuchelewa,NA,form submission,9432.8599999999,3034355.3000001,3034342.14,3034342.14,3043775,3043775.2,2024-05-07T09:09:31Z,3043802.6,NA,NA,NA,NA,NA,NA,NA,NA,NA,NA,NA,NA,NA,NA,NA,NA,NA,NA,NA,NA,Kultur,utamaduni,d,NA,NA,NA,NA,NA,13
56b99,"""Richtig""-Screen",canvas.Screen,5_0_13_0_0_0_1,NA,NA,skipped,NA,3043778.1,NA,NA,3043775,3043778.3000001,2024-05-07T09:09:31Z,3043802.6,NA,NA,NA,NA,NA,NA,NA,NA,NA,NA,NA,NA,NA,NA,NA,NA,NA,NA,NA,NA,Kultur,utamaduni,d,NA,NA,NA,dsf,NA,13
56b99,"""Falsch""-Screen",canvas.Screen,5_0_13_0_0_0_2,NA,NA,timeout,4996.8999999999,3043779.1,3043786.23,3043802.6,3048782.8,3048783.6,2024-05-07T09:09:36Z,3048799.5,NA,NA,NA,NA,NA,NA,NA,NA,NA,NA,NA,NA,NA,NA,NA,NA,NA,NA,NA,NA,Kultur,utamaduni,d,NA,NA,NA,dsf,0,13
56b99,deep,flow.Sequence,5_0_13_0_0_0,NA,NA,completion,14440.66,3034355.3000001,3034342.14,3034342.14,3048782.8,3048784,2024-05-07T09:09:36Z,3048799.5,NA,NA,NA,NA,NA,NA,NA,NA,NA,NA,NA,NA,NA,NA,NA,NA,NA,NA,NA,NA,Kultur,utamaduni,d,NA,NA,NA,dsf,NA,13
56b99,shallow,flow.Sequence,5_0_13_0_0_1,NA,NA,skipped,NA,3048784.2,NA,NA,3048782.8,3048784.2,2024-05-07T09:09:36Z,3048799.5,NA,NA,NA,NA,NA,NA,NA,NA,NA,NA,NA,NA,NA,NA,NA,NA,NA,NA,NA,NA,Kultur,utamaduni,d,NA,NA,NA,dsf,NA,13
56b99,task,flow.Sequence,5_0_13_0_0,NA,NA,completion,14440.66,3034355.3000001,3034342.14,3034342.14,3048782.8,3048784.4,2024-05-07T09:09:36Z,3048799.5,NA,NA,NA,NA,NA,NA,NA,NA,NA,NA,NA,NA,NA,NA,NA,NA,NA,NA,NA,NA,Kultur,utamaduni,d,NA,NA,NA,dsf,NA,13
56b99,deep,flow.Sequence,5_0_13_0_1_0,NA,NA,skipped,NA,3048784.5,NA,NA,3048782.8,3048784.7,2024-05-07T09:09:36Z,3048799.5,NA,NA,NA,NA,NA,NA,NA,NA,NA,NA,NA,NA,NA,NA,NA,NA,NA,NA,NA,NA,Beweis,ushahidi,s,marudio,kizuizi,mtendaji,dsf,NA,13
56b99,Shallow Question,html.Page,5_0_13_0_1_1_0,ushahidi,NA,form submission,6958.2000000477,3048784.7,3048782.8,3048799.5,3055757.7,3055757.9,2024-05-07T09:09:43Z,3055761.6,NA,NA,NA,NA,NA,NA,NA,NA,NA,NA,NA,NA,NA,NA,NA,NA,NA,NA,NA,NA,Beweis,ushahidi,s,marudio,kizuizi,mtendaji,NA,NA,13
56b99,"""Richtig""-Screen",canvas.Screen,5_0_13_0_1_1_1,NA,NA,timeout,4997.2999999998,3055760.6,3055746.366,3055761.6,3060742.3,3060743.2,2024-05-07T09:09:48Z,3060758.9,NA,NA,NA,NA,NA,NA,NA,NA,NA,NA,NA,NA,NA,NA,NA,NA,NA,NA,NA,NA,Beweis,ushahidi,s,marudio,kizuizi,mtendaji,dsf,1,13
56b99,"""Falsch""-Screen",canvas.Screen,5_0_13_0_1_1_2,NA,NA,skipped,NA,3060748.3000001,NA,NA,3060742.3,3060748.3000001,2024-05-07T09:09:48Z,3060758.9,NA,NA,NA,NA,NA,NA,NA,NA,NA,NA,NA,NA,NA,NA,NA,NA,NA,NA,NA,NA,Beweis,ushahidi,s,marudio,kizuizi,mtendaji,dsf,NA,13
56b99,shallow,flow.Sequence,5_0_13_0_1_1,NA,NA,completion,11942.8,3048784.7,3048782.8,3048799.5,3060742.3,3060748.4,2024-05-07T09:09:48Z,3060758.9,NA,NA,NA,NA,NA,NA,NA,NA,NA,NA,NA,NA,NA,NA,NA,NA,NA,NA,NA,NA,Beweis,ushahidi,s,marudio,kizuizi,mtendaji,dsf,NA,13
56b99,task,flow.Sequence,5_0_13_0_1,NA,NA,completion,11942.8,3048784.5,3048782.8,3048799.5,3060742.3,3060748.5,2024-05-07T09:09:48Z,3060758.9,NA,NA,NA,NA,NA,NA,NA,NA,NA,NA,NA,NA,NA,NA,NA,NA,NA,NA,NA,NA,Beweis,ushahidi,s,marudio,kizuizi,mtendaji,dsf,NA,13
56b99,deep,flow.Sequence,5_0_13_0_2_0,NA,NA,skipped,NA,3060748.5,NA,NA,3060742.3,3060748.6,2024-05-07T09:09:48Z,3060758.9,NA,NA,NA,NA,NA,NA,NA,NA,NA,NA,NA,NA,NA,NA,NA,NA,NA,NA,NA,NA,Aufstand,ugomaji,s,mazidio,msingi,kujieleza,dsf,NA,13
56b99,Shallow Question,html.Page,5_0_13_0_2_1_0,ugomaji,NA,form submission,5899.6000000001,3060748.6,3060742.3,3060758.9,3066658.5,3066658.7,2024-05-07T09:09:54Z,3066672.1,NA,NA,NA,NA,NA,NA,NA,NA,NA,NA,NA,NA,NA,NA,NA,NA,NA,NA,NA,NA,Aufstand,ugomaji,s,mazidio,msingi,kujieleza,NA,NA,13
56b99,"""Richtig""-Screen",canvas.Screen,5_0_13_0_2_1_1,NA,NA,timeout,4996.5,3066661.4,3066655.4,3066672.1,3071652,3071652.8000001,2024-05-07T09:09:59Z,3071668.6,NA,NA,NA,NA,NA,NA,NA,NA,NA,NA,NA,NA,NA,NA,NA,NA,NA,NA,NA,NA,Aufstand,ugomaji,s,mazidio,msingi,kujieleza,dsf,1,13
56b99,"""Falsch""-Screen",canvas.Screen,5_0_13_0_2_1_2,NA,NA,skipped,NA,3071657.4,NA,NA,3071652,3071657.5,2024-05-07T09:09:59Z,3071668.6,NA,NA,NA,NA,NA,NA,NA,NA,NA,NA,NA,NA,NA,NA,NA,NA,NA,NA,NA,NA,Aufstand,ugomaji,s,mazidio,msingi,kujieleza,dsf,NA,13
56b99,shallow,flow.Sequence,5_0_13_0_2_1,NA,NA,completion,10893.1,3060748.6,3060742.3,3060758.9,3071652,3071657.7,2024-05-07T09:09:59Z,3071668.6,NA,NA,NA,NA,NA,NA,NA,NA,NA,NA,NA,NA,NA,NA,NA,NA,NA,NA,NA,NA,Aufstand,ugomaji,s,mazidio,msingi,kujieleza,dsf,NA,13
56b99,task,flow.Sequence,5_0_13_0_2,NA,NA,completion,10893.1,3060748.5,3060742.3,3060758.9,3071652,3071657.9,2024-05-07T09:09:59Z,3071668.6,NA,NA,NA,NA,NA,NA,NA,NA,NA,NA,NA,NA,NA,NA,NA,NA,NA,NA,NA,NA,Aufstand,ugomaji,s,mazidio,msingi,kujieleza,dsf,NA,13
56b99,Deep Question,html.Page,5_0_13_0_3_0_0,utamaduni,NA,form submission,11292.299999976,3071658,3071652,3071668.6,3082960.9,3082961.1,2024-05-07T09:10:10Z,3082962.624,NA,NA,NA,NA,NA,NA,NA,NA,NA,NA,NA,NA,NA,NA,NA,NA,NA,NA,NA,NA,Annäherung,maegesho,d,NA,NA,NA,NA,NA,13
56b99,"""Richtig""-Screen",canvas.Screen,5_0_13_0_3_0_1,NA,NA,skipped,NA,3082964.3000001,NA,NA,3082960.9,3082964.4,2024-05-07T09:10:10Z,3082962.624,NA,NA,NA,NA,NA,NA,NA,NA,NA,NA,NA,NA,NA,NA,NA,NA,NA,NA,NA,NA,Annäherung,maegesho,d,NA,NA,NA,dsf,NA,13
56b99,"""Falsch""-Screen",canvas.Screen,5_0_13_0_3_0_2,NA,NA,timeout,4995.9760000003,3082965.2,3082962.624,3082962.624,3087942.4,3087943.2,2024-05-07T09:10:15Z,3087958.6,NA,NA,NA,NA,NA,NA,NA,NA,NA,NA,NA,NA,NA,NA,NA,NA,NA,NA,NA,NA,Annäherung,maegesho,d,NA,NA,NA,dsf,0,13
56b99,deep,flow.Sequence,5_0_13_0_3_0,NA,NA,completion,16273.8,3071658,3071652,3071668.6,3087942.4,3087943.6,2024-05-07T09:10:15Z,3087958.6,NA,NA,NA,NA,NA,NA,NA,NA,NA,NA,NA,NA,NA,NA,NA,NA,NA,NA,NA,NA,Annäherung,maegesho,d,NA,NA,NA,dsf,NA,13
56b99,shallow,flow.Sequence,5_0_13_0_3_1,NA,NA,skipped,NA,3087943.7,NA,NA,3087942.4,3087943.9,2024-05-07T09:10:15Z,3087958.6,NA,NA,NA,NA,NA,NA,NA,NA,NA,NA,NA,NA,NA,NA,NA,NA,NA,NA,NA,NA,Annäherung,maegesho,d,NA,NA,NA,dsf,NA,13
56b99,task,flow.Sequence,5_0_13_0_3,NA,NA,completion,16273.8,3071657.9,3071652,3071668.6,3087942.4,3087944,2024-05-07T09:10:15Z,3087958.6,NA,NA,NA,NA,NA,NA,NA,NA,NA,NA,NA,NA,NA,NA,NA,NA,NA,NA,NA,NA,Annäherung,maegesho,d,NA,NA,NA,dsf,NA,13
56b99,deep,flow.Sequence,5_0_13_0_4_0,NA,NA,skipped,NA,3087944.2,NA,NA,3087942.4,3087944.3000001,2024-05-07T09:10:15Z,3087958.6,NA,NA,NA,NA,NA,NA,NA,NA,NA,NA,NA,NA,NA,NA,NA,NA,NA,NA,NA,NA,Polizist,msongora,s,simanzi,mandhari,nidhamu,dsf,NA,13
56b99,Shallow Question,html.Page,5_0_13_0_4_1_0,msongora,NA,form submission,4686.0000000237,3087944.3000001,3087942.4,3087958.6,3092644.6,3092644.8000001,2024-05-07T09:10:20Z,3092656.2,NA,NA,NA,NA,NA,NA,NA,NA,NA,NA,NA,NA,NA,NA,NA,NA,NA,NA,NA,NA,Polizist,msongora,s,simanzi,mandhari,nidhamu,NA,NA,13
56b99,"""Richtig""-Screen",canvas.Screen,5_0_13_0_4_1_1,NA,NA,timeout,4997,3092647.8000001,3092639.788,3092656.2,3097636.5,3097637.6,2024-05-07T09:10:25Z,3097653.2,NA,NA,NA,NA,NA,NA,NA,NA,NA,NA,NA,NA,NA,NA,NA,NA,NA,NA,NA,NA,Polizist,msongora,s,simanzi,mandhari,nidhamu,dsf,1,13
56b99,"""Falsch""-Screen",canvas.Screen,5_0_13_0_4_1_2,NA,NA,skipped,NA,3097642.5,NA,NA,3097636.5,3097642.5,2024-05-07T09:10:25Z,3097653.2,NA,NA,NA,NA,NA,NA,NA,NA,NA,NA,NA,NA,NA,NA,NA,NA,NA,NA,NA,NA,Polizist,msongora,s,simanzi,mandhari,nidhamu,dsf,NA,13
56b99,shallow,flow.Sequence,5_0_13_0_4_1,NA,NA,completion,9677.8999999999,3087944.3000001,3087942.4,3087958.6,3097636.5,3097642.6,2024-05-07T09:10:25Z,3097653.2,NA,NA,NA,NA,NA,NA,NA,NA,NA,NA,NA,NA,NA,NA,NA,NA,NA,NA,NA,NA,Polizist,msongora,s,simanzi,mandhari,nidhamu,dsf,NA,13
56b99,task,flow.Sequence,5_0_13_0_4,NA,NA,completion,9677.8999999999,3087944.2,3087942.4,3087958.6,3097636.5,3097642.6,2024-05-07T09:10:25Z,3097653.2,NA,NA,NA,NA,NA,NA,NA,NA,NA,NA,NA,NA,NA,NA,NA,NA,NA,NA,NA,NA,Polizist,msongora,s,simanzi,mandhari,nidhamu,dsf,NA,13
56b99,Deep Question,html.Page,5_0_13_0_5_0_0,utamaduni,NA,form submission,9577.9000000237,3097642.7,3097636.5,3097653.2,3107231.1,3107231.3000001,2024-05-07T09:10:34Z,3107246.9,NA,NA,NA,NA,NA,NA,NA,NA,NA,NA,NA,NA,NA,NA,NA,NA,NA,NA,NA,NA,Verzögerung,kuchelewa,d,NA,NA,NA,NA,NA,13
56b99,"""Richtig""-Screen",canvas.Screen,5_0_13_0_5_0_1,NA,NA,skipped,NA,3107232.6,NA,NA,3107231.1,3107232.6,2024-05-07T09:10:34Z,3107246.9,NA,NA,NA,NA,NA,NA,NA,NA,NA,NA,NA,NA,NA,NA,NA,NA,NA,NA,NA,NA,Verzögerung,kuchelewa,d,NA,NA,NA,dsf,NA,13
56b99,"""Falsch""-Screen",canvas.Screen,5_0_13_0_5_0_2,NA,NA,timeout,4997.3999999999,3107233,3107232.094,3107246.9,3112227.4,3112228.3000001,2024-05-07T09:10:39Z,3112244.3,NA,NA,NA,NA,NA,NA,NA,NA,NA,NA,NA,NA,NA,NA,NA,NA,NA,NA,NA,NA,Verzögerung,kuchelewa,d,NA,NA,NA,dsf,0,13
56b99,deep,flow.Sequence,5_0_13_0_5_0,NA,NA,completion,14574.2,3097642.7,3097636.5,3097653.2,3112227.4,3112228.6,2024-05-07T09:10:39Z,3112244.3,NA,NA,NA,NA,NA,NA,NA,NA,NA,NA,NA,NA,NA,NA,NA,NA,NA,NA,NA,NA,Verzögerung,kuchelewa,d,NA,NA,NA,dsf,NA,13
56b99,shallow,flow.Sequence,5_0_13_0_5_1,NA,NA,skipped,NA,3112228.7,NA,NA,3112227.4,3112228.9,2024-05-07T09:10:39Z,3112244.3,NA,NA,NA,NA,NA,NA,NA,NA,NA,NA,NA,NA,NA,NA,NA,NA,NA,NA,NA,NA,Verzögerung,kuchelewa,d,NA,NA,NA,dsf,NA,13
56b99,task,flow.Sequence,5_0_13_0_5,NA,NA,completion,14574.2,3097642.7,3097636.5,3097653.2,3112227.4,3112229,2024-05-07T09:10:39Z,3112244.3,NA,NA,NA,NA,NA,NA,NA,NA,NA,NA,NA,NA,NA,NA,NA,NA,NA,NA,NA,NA,Verzögerung,kuchelewa,d,NA,NA,NA,dsf,NA,13
56b99,Deep Question,html.Page,5_0_13_0_6_0_0,utamaduni,NA,form submission,6846.800000024,3112229.2,3112227.4,3112244.3,3119091.1,3119091.3000001,2024-05-07T09:10:46Z,3119106.7,NA,NA,NA,NA,NA,NA,NA,NA,NA,NA,NA,NA,NA,NA,NA,NA,NA,NA,NA,NA,Sympathie,mapendano,d,NA,NA,NA,NA,NA,13
56b99,"""Richtig""-Screen",canvas.Screen,5_0_13_0_6_0_1,NA,NA,skipped,NA,3119094.1,NA,NA,3119091.1,3119094.2,2024-05-07T09:10:46Z,3119106.7,NA,NA,NA,NA,NA,NA,NA,NA,NA,NA,NA,NA,NA,NA,NA,NA,NA,NA,NA,NA,Sympathie,mapendano,d,NA,NA,NA,dsf,NA,13
56b99,"""Falsch""-Screen",canvas.Screen,5_0_13_0_6_0_2,NA,NA,timeout,4997.0999999996,3119094.6,3119090.442,3119106.7,3124086.7,3124087.6,2024-05-07T09:10:51Z,3124103.8,NA,NA,NA,NA,NA,NA,NA,NA,NA,NA,NA,NA,NA,NA,NA,NA,NA,NA,NA,NA,Sympathie,mapendano,d,NA,NA,NA,dsf,0,13
56b99,deep,flow.Sequence,5_0_13_0_6_0,NA,NA,completion,11842.4,3112229.1,3112227.4,3112244.3,3124086.7,3124087.9,2024-05-07T09:10:51Z,3124103.8,NA,NA,NA,NA,NA,NA,NA,NA,NA,NA,NA,NA,NA,NA,NA,NA,NA,NA,NA,NA,Sympathie,mapendano,d,NA,NA,NA,dsf,NA,13
56b99,shallow,flow.Sequence,5_0_13_0_6_1,NA,NA,skipped,NA,3124088,NA,NA,3124086.7,3124088.1,2024-05-07T09:10:51Z,3124103.8,NA,NA,NA,NA,NA,NA,NA,NA,NA,NA,NA,NA,NA,NA,NA,NA,NA,NA,NA,NA,Sympathie,mapendano,d,NA,NA,NA,dsf,NA,13
56b99,task,flow.Sequence,5_0_13_0_6,NA,NA,completion,11842.4,3112229.1,3112227.4,3112244.3,3124086.7,3124088.4,2024-05-07T09:10:51Z,3124103.8,NA,NA,NA,NA,NA,NA,NA,NA,NA,NA,NA,NA,NA,NA,NA,NA,NA,NA,NA,NA,Sympathie,mapendano,d,NA,NA,NA,dsf,NA,13
56b99,deep,flow.Sequence,5_0_13_0_7_0,NA,NA,skipped,NA,3124088.5,NA,NA,3124086.7,3124088.5,2024-05-07T09:10:51Z,3124103.8,NA,NA,NA,NA,NA,NA,NA,NA,NA,NA,NA,NA,NA,NA,NA,NA,NA,NA,NA,NA,Prüfung,mtihani,s,mkulima,mtizamo,ufumbuzi,dsf,NA,13
56b99,Shallow Question,html.Page,5_0_13_0_7_1_0,mtihani,NA,form submission,8378.0999999763,3124088.7,3124086.7,3124103.8,3132481.9,3132482.1,2024-05-07T09:11:00Z,3132498.6,NA,NA,NA,NA,NA,NA,NA,NA,NA,NA,NA,NA,NA,NA,NA,NA,NA,NA,NA,NA,Prüfung,mtihani,s,mkulima,mtizamo,ufumbuzi,NA,NA,13
56b99,"""Richtig""-Screen",canvas.Screen,5_0_13_0_7_1_1,NA,NA,timeout,4996.5,3132485.3000001,3132482.088,3132498.6,3137478.7,3137479.6,2024-05-07T09:11:05Z,3137495.1,NA,NA,NA,NA,NA,NA,NA,NA,NA,NA,NA,NA,NA,NA,NA,NA,NA,NA,NA,NA,Prüfung,mtihani,s,mkulima,mtizamo,ufumbuzi,dsf,1,13
56b99,"""Falsch""-Screen",canvas.Screen,5_0_13_0_7_1_2,NA,NA,skipped,NA,3137484.7,NA,NA,3137478.7,3137484.8000001,2024-05-07T09:11:05Z,3137495.1,NA,NA,NA,NA,NA,NA,NA,NA,NA,NA,NA,NA,NA,NA,NA,NA,NA,NA,NA,NA,Prüfung,mtihani,s,mkulima,mtizamo,ufumbuzi,dsf,NA,13
56b99,shallow,flow.Sequence,5_0_13_0_7_1,NA,NA,completion,13374.9,3124088.6,3124086.7,3124103.8,3137478.7,3137484.9,2024-05-07T09:11:05Z,3137495.1,NA,NA,NA,NA,NA,NA,NA,NA,NA,NA,NA,NA,NA,NA,NA,NA,NA,NA,NA,NA,Prüfung,mtihani,s,mkulima,mtizamo,ufumbuzi,dsf,NA,13
56b99,task,flow.Sequence,5_0_13_0_7,NA,NA,completion,13374.9,3124088.4,3124086.7,3124103.8,3137478.7,3137485,2024-05-07T09:11:05Z,3137495.1,NA,NA,NA,NA,NA,NA,NA,NA,NA,NA,NA,NA,NA,NA,NA,NA,NA,NA,NA,NA,Prüfung,mtihani,s,mkulima,mtizamo,ufumbuzi,dsf,NA,13
56b99,block,flow.Loop,5_0_13_0,NA,NA,completion,103136.56,3034355.3000001,3034342.14,3034342.14,3137478.7,3137485.1,2024-05-07T09:11:05Z,3137495.1,NA,NA,NA,NA,NA,NA,NA,NA,NA,NA,NA,NA,NA,NA,NA,NA,NA,NA,NA,NA,NA,NA,NA,NA,NA,NA,dsf,NA,13
56b99,weiter,canvas.Screen,5_0_13_1,sdf,keypress(Space),response,1662.7000000714,3137485.1,3137478.7,3137495.1,3139157.8000001,3139158.8000001,2024-05-07T09:11:06Z,3139161.454,NA,NA,NA,NA,NA,NA,NA,NA,NA,NA,NA,NA,NA,NA,NA,NA,NA,NA,NA,NA,NA,NA,NA,NA,NA,NA,dsf,NA,13
56b99,check continue,flow.Sequence,5_0_13,NA,NA,completion,104815.66000007,3034355.3000001,3034342.14,3034342.14,3139157.8000001,3139159.2,2024-05-07T09:11:06Z,3139161.454,NA,NA,NA,NA,NA,NA,NA,NA,NA,NA,NA,NA,NA,NA,NA,NA,NA,NA,NA,NA,NA,NA,NA,NA,NA,NA,dsf,NA,13
56b99,Deep Question,html.Page,5_0_14_0_0_0_0,kuchelewa,NA,form submission,9323.3460000716,3139175.8000001,3139161.454,3139161.454,3148484.8000001,3148485,2024-05-07T09:11:16Z,3148505.7,NA,NA,NA,NA,NA,NA,NA,NA,NA,NA,NA,NA,NA,NA,NA,NA,NA,NA,NA,NA,Sympathie,mapendano,d,NA,NA,NA,NA,NA,14
56b99,"""Richtig""-Screen",canvas.Screen,5_0_14_0_0_0_1,NA,NA,skipped,NA,3148487.8000001,NA,NA,3148484.8000001,3148488,2024-05-07T09:11:16Z,3148505.7,NA,NA,NA,NA,NA,NA,NA,NA,NA,NA,NA,NA,NA,NA,NA,NA,NA,NA,NA,NA,Sympathie,mapendano,d,NA,NA,NA,NA,NA,14
56b99,"""Falsch""-Screen",canvas.Screen,5_0_14_0_0_0_2,NA,NA,timeout,4996.7999999998,3148488.7,3148488.764,3148505.7,3153485.7,3153486.5,2024-05-07T09:11:21Z,3153502.5,NA,NA,NA,NA,NA,NA,NA,NA,NA,NA,NA,NA,NA,NA,NA,NA,NA,NA,NA,NA,Sympathie,mapendano,d,NA,NA,NA,NA,0,14
56b99,deep,flow.Sequence,5_0_14_0_0_0,NA,NA,completion,14324.246,3139175.8000001,3139161.454,3139161.454,3153485.7,3153486.9,2024-05-07T09:11:21Z,3153502.5,NA,NA,NA,NA,NA,NA,NA,NA,NA,NA,NA,NA,NA,NA,NA,NA,NA,NA,NA,NA,Sympathie,mapendano,d,NA,NA,NA,NA,NA,14
56b99,shallow,flow.Sequence,5_0_14_0_0_1,NA,NA,skipped,NA,3153487,NA,NA,3153485.7,3153487.2,2024-05-07T09:11:21Z,3153502.5,NA,NA,NA,NA,NA,NA,NA,NA,NA,NA,NA,NA,NA,NA,NA,NA,NA,NA,NA,NA,Sympathie,mapendano,d,NA,NA,NA,NA,NA,14
56b99,task,flow.Sequence,5_0_14_0_0,NA,NA,completion,14324.246,3139175.8000001,3139161.454,3139161.454,3153485.7,3153487.3000001,2024-05-07T09:11:21Z,3153502.5,NA,NA,NA,NA,NA,NA,NA,NA,NA,NA,NA,NA,NA,NA,NA,NA,NA,NA,NA,NA,Sympathie,mapendano,d,NA,NA,NA,NA,NA,14
56b99,Deep Question,html.Page,5_0_14_0_1_0_0,kuchelewa,NA,form submission,8395.8000000715,3153487.4,3153485.7,3153502.5,3161898.3000001,3161898.5,2024-05-07T09:11:29Z,3161913.5,NA,NA,NA,NA,NA,NA,NA,NA,NA,NA,NA,NA,NA,NA,NA,NA,NA,NA,NA,NA,Verzögerung,kuchelewa,d,NA,NA,NA,NA,NA,14
56b99,"""Richtig""-Screen",canvas.Screen,5_0_14_0_1_0_1,NA,NA,timeout,4997.3999999999,3161901.5,3161897.522,3161913.5,3166894.4,3166895.3000001,2024-05-07T09:11:34Z,3166910.9,NA,NA,NA,NA,NA,NA,NA,NA,NA,NA,NA,NA,NA,NA,NA,NA,NA,NA,NA,NA,Verzögerung,kuchelewa,d,NA,NA,NA,NA,1,14
56b99,"""Falsch""-Screen",canvas.Screen,5_0_14_0_1_0_2,NA,NA,skipped,NA,3166900.6,NA,NA,3166894.4,3166900.7,2024-05-07T09:11:34Z,3166910.9,NA,NA,NA,NA,NA,NA,NA,NA,NA,NA,NA,NA,NA,NA,NA,NA,NA,NA,NA,NA,Verzögerung,kuchelewa,d,NA,NA,NA,NA,NA,14
56b99,deep,flow.Sequence,5_0_14_0_1_0,NA,NA,completion,13391.9,3153487.4,3153485.7,3153502.5,3166894.4,3166900.8000001,2024-05-07T09:11:34Z,3166910.9,NA,NA,NA,NA,NA,NA,NA,NA,NA,NA,NA,NA,NA,NA,NA,NA,NA,NA,NA,NA,Verzögerung,kuchelewa,d,NA,NA,NA,NA,NA,14
56b99,shallow,flow.Sequence,5_0_14_0_1_1,NA,NA,skipped,NA,3166900.8000001,NA,NA,3166894.4,3166900.8000001,2024-05-07T09:11:34Z,3166910.9,NA,NA,NA,NA,NA,NA,NA,NA,NA,NA,NA,NA,NA,NA,NA,NA,NA,NA,NA,NA,Verzögerung,kuchelewa,d,NA,NA,NA,NA,NA,14
56b99,task,flow.Sequence,5_0_14_0_1,NA,NA,completion,13391.9,3153487.4,3153485.7,3153502.5,3166894.4,3166900.8000001,2024-05-07T09:11:34Z,3166910.9,NA,NA,NA,NA,NA,NA,NA,NA,NA,NA,NA,NA,NA,NA,NA,NA,NA,NA,NA,NA,Verzögerung,kuchelewa,d,NA,NA,NA,NA,NA,14
56b99,deep,flow.Sequence,5_0_14_0_2_0,NA,NA,skipped,NA,3166900.8000001,NA,NA,3166894.4,3166900.9,2024-05-07T09:11:34Z,3166910.9,NA,NA,NA,NA,NA,NA,NA,NA,NA,NA,NA,NA,NA,NA,NA,NA,NA,NA,NA,NA,Aufstand,ugomaji,s,mazidio,msingi,kujieleza,NA,NA,14
56b99,Shallow Question,html.Page,5_0_14_0_2_1_0,ugomaji,NA,form submission,6288.9000000716,3166900.9,3166894.4,3166910.9,3173199.8000001,3173200.1,2024-05-07T09:11:40Z,3173206.6,NA,NA,NA,NA,NA,NA,NA,NA,NA,NA,NA,NA,NA,NA,NA,NA,NA,NA,NA,NA,Aufstand,ugomaji,s,mazidio,msingi,kujieleza,NA,NA,14
56b99,"""Richtig""-Screen",canvas.Screen,5_0_14_0_2_1_1,NA,NA,timeout,4996.8999999999,3173202.8000001,3173190.5,3173206.6,3178187.3,3178188.2,2024-05-07T09:11:45Z,3178203.5,NA,NA,NA,NA,NA,NA,NA,NA,NA,NA,NA,NA,NA,NA,NA,NA,NA,NA,NA,NA,Aufstand,ugomaji,s,mazidio,msingi,kujieleza,NA,1,14
56b99,"""Falsch""-Screen",canvas.Screen,5_0_14_0_2_1_2,NA,NA,skipped,NA,3178193.3000001,NA,NA,3178187.3,3178193.6,2024-05-07T09:11:45Z,3178203.5,NA,NA,NA,NA,NA,NA,NA,NA,NA,NA,NA,NA,NA,NA,NA,NA,NA,NA,NA,NA,Aufstand,ugomaji,s,mazidio,msingi,kujieleza,NA,NA,14
56b99,shallow,flow.Sequence,5_0_14_0_2_1,NA,NA,completion,11276.4,3166900.9,3166894.4,3166910.9,3178187.3,3178193.7,2024-05-07T09:11:45Z,3178203.5,NA,NA,NA,NA,NA,NA,NA,NA,NA,NA,NA,NA,NA,NA,NA,NA,NA,NA,NA,NA,Aufstand,ugomaji,s,mazidio,msingi,kujieleza,NA,NA,14
56b99,task,flow.Sequence,5_0_14_0_2,NA,NA,completion,11276.4,3166900.8000001,3166894.4,3166910.9,3178187.3,3178193.7,2024-05-07T09:11:45Z,3178203.5,NA,NA,NA,NA,NA,NA,NA,NA,NA,NA,NA,NA,NA,NA,NA,NA,NA,NA,NA,NA,Aufstand,ugomaji,s,mazidio,msingi,kujieleza,NA,NA,14
56b99,deep,flow.Sequence,5_0_14_0_3_0,NA,NA,skipped,NA,3178193.8000001,NA,NA,3178187.3,3178193.8000001,2024-05-07T09:11:45Z,3178203.5,NA,NA,NA,NA,NA,NA,NA,NA,NA,NA,NA,NA,NA,NA,NA,NA,NA,NA,NA,NA,Prüfung,mtihani,s,mkulima,mtizamo,ufumbuzi,NA,NA,14
56b99,Shallow Question,html.Page,5_0_14_0_3_1_0,mtihani,NA,form submission,5004.8000000715,3178193.9,3178187.3,3178203.5,3183208.3000001,3183208.6,2024-05-07T09:11:50Z,3183217.2,NA,NA,NA,NA,NA,NA,NA,NA,NA,NA,NA,NA,NA,NA,NA,NA,NA,NA,NA,NA,Prüfung,mtihani,s,mkulima,mtizamo,ufumbuzi,NA,NA,14
56b99,"""Richtig""-Screen",canvas.Screen,5_0_14_0_3_1_1,NA,NA,timeout,4997.3999999999,3183211.4,3183201.16,3183217.2,3188198,3188199,2024-05-07T09:11:55Z,3188214.6,NA,NA,NA,NA,NA,NA,NA,NA,NA,NA,NA,NA,NA,NA,NA,NA,NA,NA,NA,NA,Prüfung,mtihani,s,mkulima,mtizamo,ufumbuzi,NA,1,14
56b99,"""Falsch""-Screen",canvas.Screen,5_0_14_0_3_1_2,NA,NA,skipped,NA,3188204.1,NA,NA,3188198,3188204.2,2024-05-07T09:11:55Z,3188214.6,NA,NA,NA,NA,NA,NA,NA,NA,NA,NA,NA,NA,NA,NA,NA,NA,NA,NA,NA,NA,Prüfung,mtihani,s,mkulima,mtizamo,ufumbuzi,NA,NA,14
56b99,shallow,flow.Sequence,5_0_14_0_3_1,NA,NA,completion,9994.5,3178193.9,3178187.3,3178203.5,3188198,3188204.3000001,2024-05-07T09:11:55Z,3188214.6,NA,NA,NA,NA,NA,NA,NA,NA,NA,NA,NA,NA,NA,NA,NA,NA,NA,NA,NA,NA,Prüfung,mtihani,s,mkulima,mtizamo,ufumbuzi,NA,NA,14
56b99,task,flow.Sequence,5_0_14_0_3,NA,NA,completion,9994.5,3178193.8000001,3178187.3,3178203.5,3188198,3188204.4,2024-05-07T09:11:55Z,3188214.6,NA,NA,NA,NA,NA,NA,NA,NA,NA,NA,NA,NA,NA,NA,NA,NA,NA,NA,NA,NA,Prüfung,mtihani,s,mkulima,mtizamo,ufumbuzi,NA,NA,14
56b99,Deep Question,html.Page,5_0_14_0_4_0_0,m,NA,form submission,17666.100000048,3188204.4,3188198,3188214.6,3205880.7,3205880.9,2024-05-07T09:12:13Z,3205886.7,NA,NA,NA,NA,NA,NA,NA,NA,NA,NA,NA,NA,NA,NA,NA,NA,NA,NA,NA,NA,Kultur,utamaduni,d,NA,NA,NA,NA,NA,14
56b99,"""Richtig""-Screen",canvas.Screen,5_0_14_0_4_0_1,NA,NA,skipped,NA,3205883.8000001,NA,NA,3205880.7,3205883.9,2024-05-07T09:12:13Z,3205886.7,NA,NA,NA,NA,NA,NA,NA,NA,NA,NA,NA,NA,NA,NA,NA,NA,NA,NA,NA,NA,Kultur,utamaduni,d,NA,NA,NA,NA,NA,14
56b99,"""Falsch""-Screen",canvas.Screen,5_0_14_0_4_0_2,NA,NA,timeout,4997.5,3205884.6,3205870.66,3205886.7,3210867.2,3210868.1,2024-05-07T09:12:18Z,3210884.2,NA,NA,NA,NA,NA,NA,NA,NA,NA,NA,NA,NA,NA,NA,NA,NA,NA,NA,NA,NA,Kultur,utamaduni,d,NA,NA,NA,NA,0,14
56b99,deep,flow.Sequence,5_0_14_0_4_0,NA,NA,completion,22652.6,3188204.4,3188198,3188214.6,3210867.2,3210868.4,2024-05-07T09:12:18Z,3210884.2,NA,NA,NA,NA,NA,NA,NA,NA,NA,NA,NA,NA,NA,NA,NA,NA,NA,NA,NA,NA,Kultur,utamaduni,d,NA,NA,NA,NA,NA,14
56b99,shallow,flow.Sequence,5_0_14_0_4_1,NA,NA,skipped,NA,3210868.5,NA,NA,3210867.2,3210868.6,2024-05-07T09:12:18Z,3210884.2,NA,NA,NA,NA,NA,NA,NA,NA,NA,NA,NA,NA,NA,NA,NA,NA,NA,NA,NA,NA,Kultur,utamaduni,d,NA,NA,NA,NA,NA,14
56b99,task,flow.Sequence,5_0_14_0_4,NA,NA,completion,22652.6,3188204.4,3188198,3188214.6,3210867.2,3210868.7,2024-05-07T09:12:18Z,3210884.2,NA,NA,NA,NA,NA,NA,NA,NA,NA,NA,NA,NA,NA,NA,NA,NA,NA,NA,NA,NA,Kultur,utamaduni,d,NA,NA,NA,NA,NA,14
56b99,deep,flow.Sequence,5_0_14_0_5_0,NA,NA,skipped,NA,3210868.9,NA,NA,3210867.2,3210868.9,2024-05-07T09:12:18Z,3210884.2,NA,NA,NA,NA,NA,NA,NA,NA,NA,NA,NA,NA,NA,NA,NA,NA,NA,NA,NA,NA,Polizist,msongora,s,simanzi,mandhari,nidhamu,NA,NA,14
56b99,Shallow Question,html.Page,5_0_14_0_5_1_0,msongora,NA,form submission,9048.199999976,3210869.1,3210867.2,3210884.2,3219932.4,3219932.7,2024-05-07T09:12:27Z,3219944.8,NA,NA,NA,NA,NA,NA,NA,NA,NA,NA,NA,NA,NA,NA,NA,NA,NA,NA,NA,NA,Polizist,msongora,s,simanzi,mandhari,nidhamu,NA,NA,14
56b99,"""Richtig""-Screen",canvas.Screen,5_0_14_0_5_1_1,NA,NA,timeout,4997.1000000001,3219935.6,3219928.818,3219944.8,3224925.6,3224926.5,2024-05-07T09:12:32Z,3224941.9,NA,NA,NA,NA,NA,NA,NA,NA,NA,NA,NA,NA,NA,NA,NA,NA,NA,NA,NA,NA,Polizist,msongora,s,simanzi,mandhari,nidhamu,NA,1,14
56b99,"""Falsch""-Screen",canvas.Screen,5_0_14_0_5_1_2,NA,NA,skipped,NA,3224931.9,NA,NA,3224925.6,3224932.1,2024-05-07T09:12:32Z,3224941.9,NA,NA,NA,NA,NA,NA,NA,NA,NA,NA,NA,NA,NA,NA,NA,NA,NA,NA,NA,NA,Polizist,msongora,s,simanzi,mandhari,nidhamu,NA,NA,14
56b99,shallow,flow.Sequence,5_0_14_0_5_1,NA,NA,completion,14041.4,3210869.1,3210867.2,3210884.2,3224925.6,3224932.1,2024-05-07T09:12:32Z,3224941.9,NA,NA,NA,NA,NA,NA,NA,NA,NA,NA,NA,NA,NA,NA,NA,NA,NA,NA,NA,NA,Polizist,msongora,s,simanzi,mandhari,nidhamu,NA,NA,14
56b99,task,flow.Sequence,5_0_14_0_5,NA,NA,completion,14041.4,3210868.8000001,3210867.2,3210884.2,3224925.6,3224932.1,2024-05-07T09:12:32Z,3224941.9,NA,NA,NA,NA,NA,NA,NA,NA,NA,NA,NA,NA,NA,NA,NA,NA,NA,NA,NA,NA,Polizist,msongora,s,simanzi,mandhari,nidhamu,NA,NA,14
56b99,deep,flow.Sequence,5_0_14_0_6_0,NA,NA,skipped,NA,3224932.2,NA,NA,3224925.6,3224932.2,2024-05-07T09:12:32Z,3224941.9,NA,NA,NA,NA,NA,NA,NA,NA,NA,NA,NA,NA,NA,NA,NA,NA,NA,NA,NA,NA,Beweis,ushahidi,s,marudio,kizuizi,mtendaji,NA,NA,14
56b99,Shallow Question,html.Page,5_0_14_0_6_1_0,ushahidi,NA,form submission,5380.4999999763,3224932.2,3224925.6,3224941.9,3230322.4,3230322.7,2024-05-07T09:12:38Z,3230338.4,NA,NA,NA,NA,NA,NA,NA,NA,NA,NA,NA,NA,NA,NA,NA,NA,NA,NA,NA,NA,Beweis,ushahidi,s,marudio,kizuizi,mtendaji,NA,NA,14
56b99,"""Richtig""-Screen",canvas.Screen,5_0_14_0_6_1_1,NA,NA,timeout,4997.1000000001,3230325.5,3230322.36,3230338.4,3235319,3235320,2024-05-07T09:12:43Z,3235335.5,NA,NA,NA,NA,NA,NA,NA,NA,NA,NA,NA,NA,NA,NA,NA,NA,NA,NA,NA,NA,Beweis,ushahidi,s,marudio,kizuizi,mtendaji,NA,1,14
56b99,"""Falsch""-Screen",canvas.Screen,5_0_14_0_6_1_2,NA,NA,skipped,NA,3235325.5,NA,NA,3235319,3235325.8000001,2024-05-07T09:12:43Z,3235335.5,NA,NA,NA,NA,NA,NA,NA,NA,NA,NA,NA,NA,NA,NA,NA,NA,NA,NA,NA,NA,Beweis,ushahidi,s,marudio,kizuizi,mtendaji,NA,NA,14
56b99,shallow,flow.Sequence,5_0_14_0_6_1,NA,NA,completion,10377.1,3224932.2,3224925.6,3224941.9,3235319,3235326.1,2024-05-07T09:12:43Z,3235335.5,NA,NA,NA,NA,NA,NA,NA,NA,NA,NA,NA,NA,NA,NA,NA,NA,NA,NA,NA,NA,Beweis,ushahidi,s,marudio,kizuizi,mtendaji,NA,NA,14
56b99,task,flow.Sequence,5_0_14_0_6,NA,NA,completion,10377.1,3224932.1,3224925.6,3224941.9,3235319,3235326.2,2024-05-07T09:12:43Z,3235335.5,NA,NA,NA,NA,NA,NA,NA,NA,NA,NA,NA,NA,NA,NA,NA,NA,NA,NA,NA,NA,Beweis,ushahidi,s,marudio,kizuizi,mtendaji,NA,NA,14
56b99,Deep Question,html.Page,5_0_14_0_7_0_0,utamaduni,NA,form submission,14413.5,3235326.4,3235319,3235335.5,3249749,3249749.2,2024-05-07T09:12:57Z,3249759.9,NA,NA,NA,NA,NA,NA,NA,NA,NA,NA,NA,NA,NA,NA,NA,NA,NA,NA,NA,NA,Annäherung,maegesho,d,NA,NA,NA,NA,NA,14
56b99,"""Richtig""-Screen",canvas.Screen,5_0_14_0_7_0_1,NA,NA,skipped,NA,3249752.2,NA,NA,3249749,3249752.3000001,2024-05-07T09:12:57Z,3249759.9,NA,NA,NA,NA,NA,NA,NA,NA,NA,NA,NA,NA,NA,NA,NA,NA,NA,NA,NA,NA,Annäherung,maegesho,d,NA,NA,NA,NA,NA,14
56b99,"""Falsch""-Screen",canvas.Screen,5_0_14_0_7_0_2,NA,NA,timeout,4997.3999999999,3249753,3249743.896,3249759.9,3254740.2,3254742.8000001,2024-05-07T09:13:02Z,3254757.3,NA,NA,NA,NA,NA,NA,NA,NA,NA,NA,NA,NA,NA,NA,NA,NA,NA,NA,NA,NA,Annäherung,maegesho,d,NA,NA,NA,NA,0,14
56b99,deep,flow.Sequence,5_0_14_0_7_0,NA,NA,completion,19404.7,3235326.4,3235319,3235335.5,3254740.2,3254743.2,2024-05-07T09:13:02Z,3254757.3,NA,NA,NA,NA,NA,NA,NA,NA,NA,NA,NA,NA,NA,NA,NA,NA,NA,NA,NA,NA,Annäherung,maegesho,d,NA,NA,NA,NA,NA,14
56b99,shallow,flow.Sequence,5_0_14_0_7_1,NA,NA,skipped,NA,3254743.4,NA,NA,3254740.2,3254743.6,2024-05-07T09:13:02Z,3254757.3,NA,NA,NA,NA,NA,NA,NA,NA,NA,NA,NA,NA,NA,NA,NA,NA,NA,NA,NA,NA,Annäherung,maegesho,d,NA,NA,NA,NA,NA,14
56b99,task,flow.Sequence,5_0_14_0_7,NA,NA,completion,19404.7,3235326.3000001,3235319,3235335.5,3254740.2,3254743.8000001,2024-05-07T09:13:02Z,3254757.3,NA,NA,NA,NA,NA,NA,NA,NA,NA,NA,NA,NA,NA,NA,NA,NA,NA,NA,NA,NA,Annäherung,maegesho,d,NA,NA,NA,NA,NA,14
56b99,block,flow.Loop,5_0_14_0,NA,NA,completion,115578.746,3139175.7,3139161.454,3139161.454,3254740.2,3254743.9,2024-05-07T09:13:02Z,3254757.3,NA,NA,NA,NA,NA,NA,NA,NA,NA,NA,NA,NA,NA,NA,NA,NA,NA,NA,NA,NA,NA,NA,NA,NA,NA,NA,NA,NA,14
56b99,weiter,canvas.Screen,5_0_14_1,sdf,keypress(Space),response,1147.5999999763,3254744,3254740.2,3254757.3,3255904.9,3255905.9,2024-05-07T09:13:03Z,3255923.29,NA,NA,NA,NA,NA,NA,NA,NA,NA,NA,NA,NA,NA,NA,NA,NA,NA,NA,NA,NA,NA,NA,NA,NA,NA,NA,NA,NA,14
56b99,check continue,flow.Sequence,5_0_14,NA,NA,completion,116743.44599998,3139175.7,3139161.454,3139161.454,3255904.9,3255906.3000001,2024-05-07T09:13:03Z,3255923.29,NA,NA,NA,NA,NA,NA,NA,NA,NA,NA,NA,NA,NA,NA,NA,NA,NA,NA,NA,NA,NA,NA,NA,NA,NA,NA,NA,NA,14
56b99,deep,flow.Sequence,5_0_15_0_0_0,NA,NA,skipped,NA,3255934.4,NA,NA,3255904.9,3255934.5,2024-05-07T09:13:03Z,3255923.29,NA,NA,NA,NA,NA,NA,NA,NA,NA,NA,NA,NA,NA,NA,NA,NA,NA,NA,NA,NA,Polizist,msongora,s,simanzi,mandhari,nidhamu,NA,NA,15
56b99,Shallow Question,html.Page,5_0_15_0_0_1_0,msongora,NA,form submission,5217.1099999761,3255934.6,3255923.29,3255923.29,3261140.4,3261140.7,2024-05-07T09:13:08Z,3261152.9,NA,NA,NA,NA,NA,NA,NA,NA,NA,NA,NA,NA,NA,NA,NA,NA,NA,NA,NA,NA,Polizist,msongora,s,simanzi,mandhari,nidhamu,NA,NA,15
56b99,"""Richtig""-Screen",canvas.Screen,5_0_15_0_0_1_1,NA,NA,timeout,4997.5,3261143.5,3261136.986,3261152.9,3266133.7,3266134.7,2024-05-07T09:13:13Z,3266150.4,NA,NA,NA,NA,NA,NA,NA,NA,NA,NA,NA,NA,NA,NA,NA,NA,NA,NA,NA,NA,Polizist,msongora,s,simanzi,mandhari,nidhamu,NA,1,15
56b99,"""Falsch""-Screen",canvas.Screen,5_0_15_0_0_1_2,NA,NA,skipped,NA,3266140,NA,NA,3266133.7,3266140,2024-05-07T09:13:13Z,3266150.4,NA,NA,NA,NA,NA,NA,NA,NA,NA,NA,NA,NA,NA,NA,NA,NA,NA,NA,NA,NA,Polizist,msongora,s,simanzi,mandhari,nidhamu,NA,NA,15
56b99,shallow,flow.Sequence,5_0_15_0_0_1,NA,NA,completion,10210.41,3255934.6,3255923.29,3255923.29,3266133.7,3266140.1,2024-05-07T09:13:13Z,3266150.4,NA,NA,NA,NA,NA,NA,NA,NA,NA,NA,NA,NA,NA,NA,NA,NA,NA,NA,NA,NA,Polizist,msongora,s,simanzi,mandhari,nidhamu,NA,NA,15
56b99,task,flow.Sequence,5_0_15_0_0,NA,NA,completion,10210.41,3255934.4,3255923.29,3255923.29,3266133.7,3266140.2,2024-05-07T09:13:13Z,3266150.4,NA,NA,NA,NA,NA,NA,NA,NA,NA,NA,NA,NA,NA,NA,NA,NA,NA,NA,NA,NA,Polizist,msongora,s,simanzi,mandhari,nidhamu,NA,NA,15
56b99,deep,flow.Sequence,5_0_15_0_1_0,NA,NA,skipped,NA,3266140.3000001,NA,NA,3266133.7,3266140.3000001,2024-05-07T09:13:13Z,3266150.4,NA,NA,NA,NA,NA,NA,NA,NA,NA,NA,NA,NA,NA,NA,NA,NA,NA,NA,NA,NA,Aufstand,ugomaji,s,mazidio,msingi,kujieleza,NA,NA,15
56b99,Shallow Question,html.Page,5_0_15_0_1_1_0,ugomaji,NA,form submission,6255.8000000478,3266140.3000001,3266133.7,3266150.4,3272406.2,3272406.4,2024-05-07T09:13:20Z,3272429.7,NA,NA,NA,NA,NA,NA,NA,NA,NA,NA,NA,NA,NA,NA,NA,NA,NA,NA,NA,NA,Aufstand,ugomaji,s,mazidio,msingi,kujieleza,NA,NA,15
56b99,"""Richtig""-Screen",canvas.Screen,5_0_15_0_1_1_1,NA,NA,timeout,4997.1999999997,3272408,3272413.328,3272429.7,3277410,3277411,2024-05-07T09:13:25Z,3277426.9,NA,NA,NA,NA,NA,NA,NA,NA,NA,NA,NA,NA,NA,NA,NA,NA,NA,NA,NA,NA,Aufstand,ugomaji,s,mazidio,msingi,kujieleza,NA,1,15
56b99,"""Falsch""-Screen",canvas.Screen,5_0_15_0_1_1_2,NA,NA,skipped,NA,3277415.9,NA,NA,3277410,3277416,2024-05-07T09:13:25Z,3277426.9,NA,NA,NA,NA,NA,NA,NA,NA,NA,NA,NA,NA,NA,NA,NA,NA,NA,NA,NA,NA,Aufstand,ugomaji,s,mazidio,msingi,kujieleza,NA,NA,15
56b99,shallow,flow.Sequence,5_0_15_0_1_1,NA,NA,completion,11259.6,3266140.3000001,3266133.7,3266150.4,3277410,3277416.1,2024-05-07T09:13:25Z,3277426.9,NA,NA,NA,NA,NA,NA,NA,NA,NA,NA,NA,NA,NA,NA,NA,NA,NA,NA,NA,NA,Aufstand,ugomaji,s,mazidio,msingi,kujieleza,NA,NA,15
56b99,task,flow.Sequence,5_0_15_0_1,NA,NA,completion,11259.6,3266140.3000001,3266133.7,3266150.4,3277410,3277416.1,2024-05-07T09:13:25Z,3277426.9,NA,NA,NA,NA,NA,NA,NA,NA,NA,NA,NA,NA,NA,NA,NA,NA,NA,NA,NA,NA,Aufstand,ugomaji,s,mazidio,msingi,kujieleza,NA,NA,15
56b99,Deep Question,html.Page,5_0_15_0_2_0_0,jkgf,NA,form submission,10541.6,3277416.2,3277410,3277426.9,3287968.5,3287968.7,2024-05-07T09:13:35Z,3287970.648,NA,NA,NA,NA,NA,NA,NA,NA,NA,NA,NA,NA,NA,NA,NA,NA,NA,NA,NA,NA,Kultur,utamaduni,d,NA,NA,NA,NA,NA,15
56b99,"""Richtig""-Screen",canvas.Screen,5_0_15_0_2_0_1,NA,NA,skipped,NA,3287970,NA,NA,3287968.5,3287970.2,2024-05-07T09:13:35Z,3287970.648,NA,NA,NA,NA,NA,NA,NA,NA,NA,NA,NA,NA,NA,NA,NA,NA,NA,NA,NA,NA,Kultur,utamaduni,d,NA,NA,NA,NA,NA,15
56b99,"""Falsch""-Screen",canvas.Screen,5_0_15_0_2_0_2,NA,NA,timeout,4996.352,3287970.4,3287970.648,3287970.648,3292950.5,3292951,2024-05-07T09:13:40Z,3292967,NA,NA,NA,NA,NA,NA,NA,NA,NA,NA,NA,NA,NA,NA,NA,NA,NA,NA,NA,NA,Kultur,utamaduni,d,NA,NA,NA,NA,0,15
56b99,deep,flow.Sequence,5_0_15_0_2_0,NA,NA,completion,15523.6,3277416.2,3277410,3277426.9,3292950.5,3292951.1,2024-05-07T09:13:40Z,3292967,NA,NA,NA,NA,NA,NA,NA,NA,NA,NA,NA,NA,NA,NA,NA,NA,NA,NA,NA,NA,Kultur,utamaduni,d,NA,NA,NA,NA,NA,15
56b99,shallow,flow.Sequence,5_0_15_0_2_1,NA,NA,skipped,NA,3292951.1,NA,NA,3292950.5,3292951.2,2024-05-07T09:13:40Z,3292967,NA,NA,NA,NA,NA,NA,NA,NA,NA,NA,NA,NA,NA,NA,NA,NA,NA,NA,NA,NA,Kultur,utamaduni,d,NA,NA,NA,NA,NA,15
56b99,task,flow.Sequence,5_0_15_0_2,NA,NA,completion,15523.6,3277416.2,3277410,3277426.9,3292950.5,3292951.3000001,2024-05-07T09:13:40Z,3292967,NA,NA,NA,NA,NA,NA,NA,NA,NA,NA,NA,NA,NA,NA,NA,NA,NA,NA,NA,NA,Kultur,utamaduni,d,NA,NA,NA,NA,NA,15
56b99,Deep Question,html.Page,5_0_15_0_3_0_0,kil,NA,form submission,10311.800000072,3292951.3000001,3292950.5,3292967,3303278.8000001,3303279,2024-05-07T09:13:50Z,3303294.1,NA,NA,NA,NA,NA,NA,NA,NA,NA,NA,NA,NA,NA,NA,NA,NA,NA,NA,NA,NA,Verzögerung,kuchelewa,d,NA,NA,NA,NA,NA,15
56b99,"""Richtig""-Screen",canvas.Screen,5_0_15_0_3_0_1,NA,NA,skipped,NA,3303282,NA,NA,3303278.8000001,3303282.1,2024-05-07T09:13:50Z,3303294.1,NA,NA,NA,NA,NA,NA,NA,NA,NA,NA,NA,NA,NA,NA,NA,NA,NA,NA,NA,NA,Verzögerung,kuchelewa,d,NA,NA,NA,NA,NA,15
56b99,"""Falsch""-Screen",canvas.Screen,5_0_15_0_3_0_2,NA,NA,timeout,4997.1000000001,3303282.9,3303277.692,3303294.1,3308274.5,3308276.2,2024-05-07T09:13:55Z,3308291.2,NA,NA,NA,NA,NA,NA,NA,NA,NA,NA,NA,NA,NA,NA,NA,NA,NA,NA,NA,NA,Verzögerung,kuchelewa,d,NA,NA,NA,NA,0,15
56b99,deep,flow.Sequence,5_0_15_0_3_0,NA,NA,completion,15307.5,3292951.3000001,3292950.5,3292967,3308274.5,3308276.6,2024-05-07T09:13:55Z,3308291.2,NA,NA,NA,NA,NA,NA,NA,NA,NA,NA,NA,NA,NA,NA,NA,NA,NA,NA,NA,NA,Verzögerung,kuchelewa,d,NA,NA,NA,NA,NA,15
56b99,shallow,flow.Sequence,5_0_15_0_3_1,NA,NA,skipped,NA,3308276.7,NA,NA,3308274.5,3308276.8000001,2024-05-07T09:13:55Z,3308291.2,NA,NA,NA,NA,NA,NA,NA,NA,NA,NA,NA,NA,NA,NA,NA,NA,NA,NA,NA,NA,Verzögerung,kuchelewa,d,NA,NA,NA,NA,NA,15
56b99,task,flow.Sequence,5_0_15_0_3,NA,NA,completion,15307.5,3292951.3000001,3292950.5,3292967,3308274.5,3308277.1,2024-05-07T09:13:55Z,3308291.2,NA,NA,NA,NA,NA,NA,NA,NA,NA,NA,NA,NA,NA,NA,NA,NA,NA,NA,NA,NA,Verzögerung,kuchelewa,d,NA,NA,NA,NA,NA,15
56b99,Deep Question,html.Page,5_0_15_0_4_0_0,s,NA,form submission,4439.6000000713,3308277.2,3308274.5,3308291.2,3312730.8000001,3312731.1,2024-05-07T09:14:00Z,3312738.1,NA,NA,NA,NA,NA,NA,NA,NA,NA,NA,NA,NA,NA,NA,NA,NA,NA,NA,NA,NA,Sympathie,mapendano,d,NA,NA,NA,NA,NA,15
56b99,"""Richtig""-Screen",canvas.Screen,5_0_15_0_4_0_1,NA,NA,skipped,NA,3312732.7,NA,NA,3312730.8000001,3312732.7,2024-05-07T09:14:00Z,3312738.1,NA,NA,NA,NA,NA,NA,NA,NA,NA,NA,NA,NA,NA,NA,NA,NA,NA,NA,NA,NA,Sympathie,mapendano,d,NA,NA,NA,NA,NA,15
56b99,"""Falsch""-Screen",canvas.Screen,5_0_15_0_4_0_2,NA,NA,timeout,4997.5,3312733.1,3312721.73,3312738.1,3317718.5,3317719.3000001,2024-05-07T09:14:05Z,3317735.6,NA,NA,NA,NA,NA,NA,NA,NA,NA,NA,NA,NA,NA,NA,NA,NA,NA,NA,NA,NA,Sympathie,mapendano,d,NA,NA,NA,NA,0,15
56b99,deep,flow.Sequence,5_0_15_0_4_0,NA,NA,completion,9427.2999999998,3308277.2,3308274.5,3308291.2,3317718.5,3317719.7,2024-05-07T09:14:05Z,3317735.6,NA,NA,NA,NA,NA,NA,NA,NA,NA,NA,NA,NA,NA,NA,NA,NA,NA,NA,NA,NA,Sympathie,mapendano,d,NA,NA,NA,NA,NA,15
56b99,shallow,flow.Sequence,5_0_15_0_4_1,NA,NA,skipped,NA,3317719.8000001,NA,NA,3317718.5,3317720,2024-05-07T09:14:05Z,3317735.6,NA,NA,NA,NA,NA,NA,NA,NA,NA,NA,NA,NA,NA,NA,NA,NA,NA,NA,NA,NA,Sympathie,mapendano,d,NA,NA,NA,NA,NA,15
56b99,task,flow.Sequence,5_0_15_0_4,NA,NA,completion,9427.2999999998,3308277.2,3308274.5,3308291.2,3317718.5,3317720.1,2024-05-07T09:14:05Z,3317735.6,NA,NA,NA,NA,NA,NA,NA,NA,NA,NA,NA,NA,NA,NA,NA,NA,NA,NA,NA,NA,Sympathie,mapendano,d,NA,NA,NA,NA,NA,15
56b99,Deep Question,html.Page,5_0_15_0_5_0_0,mapendano,NA,form submission,15895.100000048,3317720.2,3317718.5,3317735.6,3333630.7,3333630.9,2024-05-07T09:14:21Z,3333642,NA,NA,NA,NA,NA,NA,NA,NA,NA,NA,NA,NA,NA,NA,NA,NA,NA,NA,NA,NA,Annäherung,maegesho,d,NA,NA,NA,NA,NA,15
56b99,"""Richtig""-Screen",canvas.Screen,5_0_15_0_5_0_1,NA,NA,skipped,NA,3333634,NA,NA,3333630.7,3333634.2,2024-05-07T09:14:21Z,3333642,NA,NA,NA,NA,NA,NA,NA,NA,NA,NA,NA,NA,NA,NA,NA,NA,NA,NA,NA,NA,Annäherung,maegesho,d,NA,NA,NA,NA,NA,15
56b99,"""Falsch""-Screen",canvas.Screen,5_0_15_0_5_0_2,NA,NA,timeout,4997,3333634.9,3333626,3333642,3338622.4,3338623.4,2024-05-07T09:14:26Z,3338639,NA,NA,NA,NA,NA,NA,NA,NA,NA,NA,NA,NA,NA,NA,NA,NA,NA,NA,NA,NA,Annäherung,maegesho,d,NA,NA,NA,NA,0,15
56b99,deep,flow.Sequence,5_0_15_0_5_0,NA,NA,completion,20886.8,3317720.2,3317718.5,3317735.6,3338622.4,3338623.8000001,2024-05-07T09:14:26Z,3338639,NA,NA,NA,NA,NA,NA,NA,NA,NA,NA,NA,NA,NA,NA,NA,NA,NA,NA,NA,NA,Annäherung,maegesho,d,NA,NA,NA,NA,NA,15
56b99,shallow,flow.Sequence,5_0_15_0_5_1,NA,NA,skipped,NA,3338623.8000001,NA,NA,3338622.4,3338623.9,2024-05-07T09:14:26Z,3338639,NA,NA,NA,NA,NA,NA,NA,NA,NA,NA,NA,NA,NA,NA,NA,NA,NA,NA,NA,NA,Annäherung,maegesho,d,NA,NA,NA,NA,NA,15
56b99,task,flow.Sequence,5_0_15_0_5,NA,NA,completion,20886.8,3317720.2,3317718.5,3317735.6,3338622.4,3338624.2,2024-05-07T09:14:26Z,3338639,NA,NA,NA,NA,NA,NA,NA,NA,NA,NA,NA,NA,NA,NA,NA,NA,NA,NA,NA,NA,Annäherung,maegesho,d,NA,NA,NA,NA,NA,15
56b99,deep,flow.Sequence,5_0_15_0_6_0,NA,NA,skipped,NA,3338624.3000001,NA,NA,3338622.4,3338624.4,2024-05-07T09:14:26Z,3338639,NA,NA,NA,NA,NA,NA,NA,NA,NA,NA,NA,NA,NA,NA,NA,NA,NA,NA,NA,NA,Beweis,ushahidi,s,marudio,kizuizi,mtendaji,NA,NA,15
56b99,Shallow Question,html.Page,5_0_15_0_6_1_0,ushahidi,NA,form submission,4417.5,3338624.5,3338622.4,3338639,3343056.5,3343056.6,2024-05-07T09:14:30Z,3343086.7,NA,NA,NA,NA,NA,NA,NA,NA,NA,NA,NA,NA,NA,NA,NA,NA,NA,NA,NA,NA,Beweis,ushahidi,s,marudio,kizuizi,mtendaji,NA,NA,15
56b99,"""Richtig""-Screen",canvas.Screen,5_0_15_0_6_1_1,NA,NA,timeout,4996.5999999996,3343060,3343070.166,3343086.7,3348066.6,3348066.9,2024-05-07T09:14:35Z,3348083.3,NA,NA,NA,NA,NA,NA,NA,NA,NA,NA,NA,NA,NA,NA,NA,NA,NA,NA,NA,NA,Beweis,ushahidi,s,marudio,kizuizi,mtendaji,NA,1,15
56b99,"""Falsch""-Screen",canvas.Screen,5_0_15_0_6_1_2,NA,NA,skipped,NA,3348068.4,NA,NA,3348066.6,3348068.5,2024-05-07T09:14:35Z,3348083.3,NA,NA,NA,NA,NA,NA,NA,NA,NA,NA,NA,NA,NA,NA,NA,NA,NA,NA,NA,NA,Beweis,ushahidi,s,marudio,kizuizi,mtendaji,NA,NA,15
56b99,shallow,flow.Sequence,5_0_15_0_6_1,NA,NA,completion,9427.6000000001,3338624.4,3338622.4,3338639,3348066.6,3348068.7,2024-05-07T09:14:35Z,3348083.3,NA,NA,NA,NA,NA,NA,NA,NA,NA,NA,NA,NA,NA,NA,NA,NA,NA,NA,NA,NA,Beweis,ushahidi,s,marudio,kizuizi,mtendaji,NA,NA,15
56b99,task,flow.Sequence,5_0_15_0_6,NA,NA,completion,9427.6000000001,3338624.2,3338622.4,3338639,3348066.6,3348068.7,2024-05-07T09:14:35Z,3348083.3,NA,NA,NA,NA,NA,NA,NA,NA,NA,NA,NA,NA,NA,NA,NA,NA,NA,NA,NA,NA,Beweis,ushahidi,s,marudio,kizuizi,mtendaji,NA,NA,15
56b99,deep,flow.Sequence,5_0_15_0_7_0,NA,NA,skipped,NA,3348068.7,NA,NA,3348066.6,3348068.7,2024-05-07T09:14:35Z,3348083.3,NA,NA,NA,NA,NA,NA,NA,NA,NA,NA,NA,NA,NA,NA,NA,NA,NA,NA,NA,NA,Prüfung,mtihani,s,mkulima,mtizamo,ufumbuzi,NA,NA,15
56b99,Shallow Question,html.Page,5_0_15_0_7_1_0,mtihani,NA,form submission,4861.0000000717,3348068.8000001,3348066.6,3348083.3,3352944.3000001,3352944.5,2024-05-07T09:14:40Z,3352947.626,NA,NA,NA,NA,NA,NA,NA,NA,NA,NA,NA,NA,NA,NA,NA,NA,NA,NA,NA,NA,Prüfung,mtihani,s,mkulima,mtizamo,ufumbuzi,NA,NA,15
56b99,"""Richtig""-Screen",canvas.Screen,5_0_15_0_7_1_1,NA,NA,timeout,4996.7739999997,3352947.4,3352947.626,3352947.626,3357927.3,3357928.3000001,2024-05-07T09:14:45Z,3357944.4,NA,NA,NA,NA,NA,NA,NA,NA,NA,NA,NA,NA,NA,NA,NA,NA,NA,NA,NA,NA,Prüfung,mtihani,s,mkulima,mtizamo,ufumbuzi,NA,1,15
56b99,"""Falsch""-Screen",canvas.Screen,5_0_15_0_7_1_2,NA,NA,skipped,NA,3357933.6,NA,NA,3357927.3,3357933.8000001,2024-05-07T09:14:45Z,3357944.4,NA,NA,NA,NA,NA,NA,NA,NA,NA,NA,NA,NA,NA,NA,NA,NA,NA,NA,NA,NA,Prüfung,mtihani,s,mkulima,mtizamo,ufumbuzi,NA,NA,15
56b99,shallow,flow.Sequence,5_0_15_0_7_1,NA,NA,completion,9844,3348068.8000001,3348066.6,3348083.3,3357927.3,3357933.8000001,2024-05-07T09:14:45Z,3357944.4,NA,NA,NA,NA,NA,NA,NA,NA,NA,NA,NA,NA,NA,NA,NA,NA,NA,NA,NA,NA,Prüfung,mtihani,s,mkulima,mtizamo,ufumbuzi,NA,NA,15
56b99,task,flow.Sequence,5_0_15_0_7,NA,NA,completion,9844,3348068.7,3348066.6,3348083.3,3357927.3,3357933.9,2024-05-07T09:14:45Z,3357944.4,NA,NA,NA,NA,NA,NA,NA,NA,NA,NA,NA,NA,NA,NA,NA,NA,NA,NA,NA,NA,Prüfung,mtihani,s,mkulima,mtizamo,ufumbuzi,NA,NA,15
56b99,block,flow.Loop,5_0_15_0,NA,NA,completion,102004.01,3255934.4,3255923.29,3255923.29,3357927.3,3357933.9,2024-05-07T09:14:45Z,3357944.4,NA,NA,NA,NA,NA,NA,NA,NA,NA,NA,NA,NA,NA,NA,NA,NA,NA,NA,NA,NA,NA,NA,NA,NA,NA,NA,NA,NA,15
56b99,weiter,canvas.Screen,5_0_15_1,sdf,keypress(Space),response,1443.2000000239,3357934,3357927.3,3357944.4,3359387.6,3359388.7,2024-05-07T09:14:47Z,3359393.782,NA,NA,NA,NA,NA,NA,NA,NA,NA,NA,NA,NA,NA,NA,NA,NA,NA,NA,NA,NA,NA,NA,NA,NA,NA,NA,NA,NA,15
56b99,check continue,flow.Sequence,5_0_15,NA,NA,completion,103464.31000002,3255934.3000001,3255923.29,3255923.29,3359387.6,3359389,2024-05-07T09:14:47Z,3359393.782,NA,NA,NA,NA,NA,NA,NA,NA,NA,NA,NA,NA,NA,NA,NA,NA,NA,NA,NA,NA,NA,NA,NA,NA,NA,NA,NA,NA,15
56b99,Deep Question,html.Page,5_0_16_0_0_0_0,mapemdano,NA,form submission,18453.018000071,3359405.6,3359393.782,3359393.782,3377846.8000001,3377847.1,2024-05-07T09:15:05Z,3377848.93,NA,NA,NA,NA,NA,NA,NA,NA,NA,NA,NA,NA,NA,NA,NA,NA,NA,NA,NA,NA,Verzögerung,kuchelewa,d,NA,NA,NA,NA,NA,16
56b99,"""Richtig""-Screen",canvas.Screen,5_0_16_0_0_0_1,NA,NA,skipped,NA,3377850.2,NA,NA,3377846.8000001,3377850.3000001,2024-05-07T09:15:05Z,3377848.93,NA,NA,NA,NA,NA,NA,NA,NA,NA,NA,NA,NA,NA,NA,NA,NA,NA,NA,NA,NA,Verzögerung,kuchelewa,d,NA,NA,NA,NA,NA,16
56b99,"""Falsch""-Screen",canvas.Screen,5_0_16_0_0_0_2,NA,NA,timeout,4997.0699999998,3377851,3377848.93,3377848.93,3382829,3382830,2024-05-07T09:15:10Z,3382846,NA,NA,NA,NA,NA,NA,NA,NA,NA,NA,NA,NA,NA,NA,NA,NA,NA,NA,NA,NA,Verzögerung,kuchelewa,d,NA,NA,NA,NA,0,16
56b99,deep,flow.Sequence,5_0_16_0_0_0,NA,NA,completion,23435.218,3359405.6,3359393.782,3359393.782,3382829,3382830.3000001,2024-05-07T09:15:10Z,3382846,NA,NA,NA,NA,NA,NA,NA,NA,NA,NA,NA,NA,NA,NA,NA,NA,NA,NA,NA,NA,Verzögerung,kuchelewa,d,NA,NA,NA,NA,NA,16
56b99,shallow,flow.Sequence,5_0_16_0_0_1,NA,NA,skipped,NA,3382830.5,NA,NA,3382829,3382830.6,2024-05-07T09:15:10Z,3382846,NA,NA,NA,NA,NA,NA,NA,NA,NA,NA,NA,NA,NA,NA,NA,NA,NA,NA,NA,NA,Verzögerung,kuchelewa,d,NA,NA,NA,NA,NA,16
56b99,task,flow.Sequence,5_0_16_0_0,NA,NA,completion,23435.218,3359405.6,3359393.782,3359393.782,3382829,3382830.8000001,2024-05-07T09:15:10Z,3382846,NA,NA,NA,NA,NA,NA,NA,NA,NA,NA,NA,NA,NA,NA,NA,NA,NA,NA,NA,NA,Verzögerung,kuchelewa,d,NA,NA,NA,NA,NA,16
56b99,Deep Question,html.Page,5_0_16_0_1_0_0,mapendano,NA,form submission,7255.8999999762,3382831,3382829,3382846,3390101.9,3390102,2024-05-07T09:15:17Z,3390107.6,NA,NA,NA,NA,NA,NA,NA,NA,NA,NA,NA,NA,NA,NA,NA,NA,NA,NA,NA,NA,Kultur,utamaduni,d,NA,NA,NA,NA,NA,16
56b99,"""Richtig""-Screen",canvas.Screen,5_0_16_0_1_0_1,NA,NA,skipped,NA,3390103.9,NA,NA,3390101.9,3390103.9,2024-05-07T09:15:17Z,3390107.6,NA,NA,NA,NA,NA,NA,NA,NA,NA,NA,NA,NA,NA,NA,NA,NA,NA,NA,NA,NA,Kultur,utamaduni,d,NA,NA,NA,NA,NA,16
56b99,"""Falsch""-Screen",canvas.Screen,5_0_16_0_1_0_2,NA,NA,timeout,4997.5,3390104.4,3390091.628,3390107.6,3395087.9,3395088.9,2024-05-07T09:15:22Z,3395105.1,NA,NA,NA,NA,NA,NA,NA,NA,NA,NA,NA,NA,NA,NA,NA,NA,NA,NA,NA,NA,Kultur,utamaduni,d,NA,NA,NA,NA,0,16
56b99,deep,flow.Sequence,5_0_16_0_1_0,NA,NA,completion,12241.9,3382830.9,3382829,3382846,3395087.9,3395089.3000001,2024-05-07T09:15:22Z,3395105.1,NA,NA,NA,NA,NA,NA,NA,NA,NA,NA,NA,NA,NA,NA,NA,NA,NA,NA,NA,NA,Kultur,utamaduni,d,NA,NA,NA,NA,NA,16
56b99,shallow,flow.Sequence,5_0_16_0_1_1,NA,NA,skipped,NA,3395089.4,NA,NA,3395087.9,3395089.6,2024-05-07T09:15:22Z,3395105.1,NA,NA,NA,NA,NA,NA,NA,NA,NA,NA,NA,NA,NA,NA,NA,NA,NA,NA,NA,NA,Kultur,utamaduni,d,NA,NA,NA,NA,NA,16
56b99,task,flow.Sequence,5_0_16_0_1,NA,NA,completion,12241.9,3382830.9,3382829,3382846,3395087.9,3395089.7,2024-05-07T09:15:22Z,3395105.1,NA,NA,NA,NA,NA,NA,NA,NA,NA,NA,NA,NA,NA,NA,NA,NA,NA,NA,NA,NA,Kultur,utamaduni,d,NA,NA,NA,NA,NA,16
56b99,deep,flow.Sequence,5_0_16_0_2_0,NA,NA,skipped,NA,3395089.8000001,NA,NA,3395087.9,3395090,2024-05-07T09:15:22Z,3395105.1,NA,NA,NA,NA,NA,NA,NA,NA,NA,NA,NA,NA,NA,NA,NA,NA,NA,NA,NA,NA,Prüfung,mtihani,s,mkulima,mtizamo,ufumbuzi,NA,NA,16
56b99,Shallow Question,html.Page,5_0_16_0_2_1_0,mtihani,NA,form submission,5549.6000000476,3395090,3395087.9,3395105.1,3400654.7,3400654.9,2024-05-07T09:15:28Z,3400667.9,NA,NA,NA,NA,NA,NA,NA,NA,NA,NA,NA,NA,NA,NA,NA,NA,NA,NA,NA,NA,Prüfung,mtihani,s,mkulima,mtizamo,ufumbuzi,NA,NA,16
56b99,"""Richtig""-Screen",canvas.Screen,5_0_16_0_2_1_1,NA,NA,timeout,4997.1000000001,3400657.9,3400651.7,3400667.9,3405648.4,3405649.4,2024-05-07T09:15:33Z,3405665,NA,NA,NA,NA,NA,NA,NA,NA,NA,NA,NA,NA,NA,NA,NA,NA,NA,NA,NA,NA,Prüfung,mtihani,s,mkulima,mtizamo,ufumbuzi,NA,1,16
56b99,"""Falsch""-Screen",canvas.Screen,5_0_16_0_2_1_2,NA,NA,skipped,NA,3405654.6,NA,NA,3405648.4,3405654.7,2024-05-07T09:15:33Z,3405665,NA,NA,NA,NA,NA,NA,NA,NA,NA,NA,NA,NA,NA,NA,NA,NA,NA,NA,NA,NA,Prüfung,mtihani,s,mkulima,mtizamo,ufumbuzi,NA,NA,16
56b99,shallow,flow.Sequence,5_0_16_0_2_1,NA,NA,completion,10543.3,3395090,3395087.9,3395105.1,3405648.4,3405654.8000001,2024-05-07T09:15:33Z,3405665,NA,NA,NA,NA,NA,NA,NA,NA,NA,NA,NA,NA,NA,NA,NA,NA,NA,NA,NA,NA,Prüfung,mtihani,s,mkulima,mtizamo,ufumbuzi,NA,NA,16
56b99,task,flow.Sequence,5_0_16_0_2,NA,NA,completion,10543.3,3395089.8000001,3395087.9,3395105.1,3405648.4,3405654.8000001,2024-05-07T09:15:33Z,3405665,NA,NA,NA,NA,NA,NA,NA,NA,NA,NA,NA,NA,NA,NA,NA,NA,NA,NA,NA,NA,Prüfung,mtihani,s,mkulima,mtizamo,ufumbuzi,NA,NA,16
56b99,deep,flow.Sequence,5_0_16_0_3_0,NA,NA,skipped,NA,3405654.9,NA,NA,3405648.4,3405654.9,2024-05-07T09:15:33Z,3405665,NA,NA,NA,NA,NA,NA,NA,NA,NA,NA,NA,NA,NA,NA,NA,NA,NA,NA,NA,NA,Aufstand,ugomaji,s,mazidio,msingi,kujieleza,NA,NA,16
56b99,Shallow Question,html.Page,5_0_16_0_3_1_0,ugomaji,NA,form submission,6082.7000000477,3405654.9,3405648.4,3405665,3411747.7,3411748.1,2024-05-07T09:15:39Z,3411761.1,NA,NA,NA,NA,NA,NA,NA,NA,NA,NA,NA,NA,NA,NA,NA,NA,NA,NA,NA,NA,Aufstand,ugomaji,s,mazidio,msingi,kujieleza,NA,NA,16
56b99,"""Richtig""-Screen",canvas.Screen,5_0_16_0_3_1_1,NA,NA,timeout,4997.1999999997,3411750.8000001,3411744.558,3411761.1,3416741.7,3416742.6,2024-05-07T09:15:44Z,3416758.3,NA,NA,NA,NA,NA,NA,NA,NA,NA,NA,NA,NA,NA,NA,NA,NA,NA,NA,NA,NA,Aufstand,ugomaji,s,mazidio,msingi,kujieleza,NA,1,16
56b99,"""Falsch""-Screen",canvas.Screen,5_0_16_0_3_1_2,NA,NA,skipped,NA,3416747.4,NA,NA,3416741.7,3416747.4,2024-05-07T09:15:44Z,3416758.3,NA,NA,NA,NA,NA,NA,NA,NA,NA,NA,NA,NA,NA,NA,NA,NA,NA,NA,NA,NA,Aufstand,ugomaji,s,mazidio,msingi,kujieleza,NA,NA,16
56b99,shallow,flow.Sequence,5_0_16_0_3_1,NA,NA,completion,11076.7,3405654.9,3405648.4,3405665,3416741.7,3416747.6,2024-05-07T09:15:44Z,3416758.3,NA,NA,NA,NA,NA,NA,NA,NA,NA,NA,NA,NA,NA,NA,NA,NA,NA,NA,NA,NA,Aufstand,ugomaji,s,mazidio,msingi,kujieleza,NA,NA,16
56b99,task,flow.Sequence,5_0_16_0_3,NA,NA,completion,11076.7,3405654.9,3405648.4,3405665,3416741.7,3416747.6,2024-05-07T09:15:44Z,3416758.3,NA,NA,NA,NA,NA,NA,NA,NA,NA,NA,NA,NA,NA,NA,NA,NA,NA,NA,NA,NA,Aufstand,ugomaji,s,mazidio,msingi,kujieleza,NA,NA,16
56b99,deep,flow.Sequence,5_0_16_0_4_0,NA,NA,skipped,NA,3416747.6,NA,NA,3416741.7,3416747.6,2024-05-07T09:15:44Z,3416758.3,NA,NA,NA,NA,NA,NA,NA,NA,NA,NA,NA,NA,NA,NA,NA,NA,NA,NA,NA,NA,Beweis,ushahidi,s,marudio,kizuizi,mtendaji,NA,NA,16
56b99,Shallow Question,html.Page,5_0_16_0_4_1_0,ushahidi,NA,form submission,7100.2000000002,3416747.8000001,3416741.7,3416758.3,3423858.5,3423858.6,2024-05-07T09:15:51Z,3423870.8,NA,NA,NA,NA,NA,NA,NA,NA,NA,NA,NA,NA,NA,NA,NA,NA,NA,NA,NA,NA,Beweis,ushahidi,s,marudio,kizuizi,mtendaji,NA,NA,16
56b99,"""Richtig""-Screen",canvas.Screen,5_0_16_0_4_1_1,NA,NA,timeout,4996.8000000003,3423861.5,3423854.36,3423870.8,3428850.9,3428851.8000001,2024-05-07T09:15:56Z,3428867.6,NA,NA,NA,NA,NA,NA,NA,NA,NA,NA,NA,NA,NA,NA,NA,NA,NA,NA,NA,NA,Beweis,ushahidi,s,marudio,kizuizi,mtendaji,NA,1,16
56b99,"""Falsch""-Screen",canvas.Screen,5_0_16_0_4_1_2,NA,NA,skipped,NA,3428856.7,NA,NA,3428850.9,3428856.8000001,2024-05-07T09:15:56Z,3428867.6,NA,NA,NA,NA,NA,NA,NA,NA,NA,NA,NA,NA,NA,NA,NA,NA,NA,NA,NA,NA,Beweis,ushahidi,s,marudio,kizuizi,mtendaji,NA,NA,16
56b99,shallow,flow.Sequence,5_0_16_0_4_1,NA,NA,completion,12092.6,3416747.7,3416741.7,3416758.3,3428850.9,3428856.9,2024-05-07T09:15:56Z,3428867.6,NA,NA,NA,NA,NA,NA,NA,NA,NA,NA,NA,NA,NA,NA,NA,NA,NA,NA,NA,NA,Beweis,ushahidi,s,marudio,kizuizi,mtendaji,NA,NA,16
56b99,task,flow.Sequence,5_0_16_0_4,NA,NA,completion,12092.6,3416747.6,3416741.7,3416758.3,3428850.9,3428856.9,2024-05-07T09:15:56Z,3428867.6,NA,NA,NA,NA,NA,NA,NA,NA,NA,NA,NA,NA,NA,NA,NA,NA,NA,NA,NA,NA,Beweis,ushahidi,s,marudio,kizuizi,mtendaji,NA,NA,16
56b99,Deep Question,html.Page,5_0_16_0_5_0_0,mapendano,NA,form submission,15570.600000048,3428857,3428850.9,3428867.6,3444438.2,3444438.5,2024-05-07T09:16:12Z,3444441.786,NA,NA,NA,NA,NA,NA,NA,NA,NA,NA,NA,NA,NA,NA,NA,NA,NA,NA,NA,NA,Annäherung,maegesho,d,NA,NA,NA,NA,NA,16
56b99,"""Richtig""-Screen",canvas.Screen,5_0_16_0_5_0_1,NA,NA,skipped,NA,3444441.6,NA,NA,3444438.2,3444441.8000001,2024-05-07T09:16:12Z,3444441.786,NA,NA,NA,NA,NA,NA,NA,NA,NA,NA,NA,NA,NA,NA,NA,NA,NA,NA,NA,NA,Annäherung,maegesho,d,NA,NA,NA,NA,NA,16
56b99,"""Falsch""-Screen",canvas.Screen,5_0_16_0_5_0_2,NA,NA,timeout,4996.8140000002,3444442.5,3444441.786,3444441.786,3449421.8,3449423.3000001,2024-05-07T09:16:17Z,3449438.6,NA,NA,NA,NA,NA,NA,NA,NA,NA,NA,NA,NA,NA,NA,NA,NA,NA,NA,NA,NA,Annäherung,maegesho,d,NA,NA,NA,NA,0,16
56b99,deep,flow.Sequence,5_0_16_0_5_0,NA,NA,completion,20554.2,3428857,3428850.9,3428867.6,3449421.8,3449423.8000001,2024-05-07T09:16:17Z,3449438.6,NA,NA,NA,NA,NA,NA,NA,NA,NA,NA,NA,NA,NA,NA,NA,NA,NA,NA,NA,NA,Annäherung,maegesho,d,NA,NA,NA,NA,NA,16
56b99,shallow,flow.Sequence,5_0_16_0_5_1,NA,NA,skipped,NA,3449423.9,NA,NA,3449421.8,3449424,2024-05-07T09:16:17Z,3449438.6,NA,NA,NA,NA,NA,NA,NA,NA,NA,NA,NA,NA,NA,NA,NA,NA,NA,NA,NA,NA,Annäherung,maegesho,d,NA,NA,NA,NA,NA,16
56b99,task,flow.Sequence,5_0_16_0_5,NA,NA,completion,20554.2,3428857,3428850.9,3428867.6,3449421.8,3449424.2,2024-05-07T09:16:17Z,3449438.6,NA,NA,NA,NA,NA,NA,NA,NA,NA,NA,NA,NA,NA,NA,NA,NA,NA,NA,NA,NA,Annäherung,maegesho,d,NA,NA,NA,NA,NA,16
56b99,Deep Question,html.Page,5_0_16_0_6_0_0,mapendano,NA,form submission,40923.500000024,3449424.5,3449421.8,3449438.6,3490362.1,3490362.3000001,2024-05-07T09:16:58Z,3490380.1,NA,NA,NA,NA,NA,NA,NA,NA,NA,NA,NA,NA,NA,NA,NA,NA,NA,NA,NA,NA,Sympathie,mapendano,d,NA,NA,NA,NA,NA,16
56b99,"""Richtig""-Screen",canvas.Screen,5_0_16_0_6_0_1,NA,NA,timeout,4996.5,3490365.6,3490363.66,3490380.1,3495360.4,3495361.1,2024-05-07T09:17:03Z,3495376.6,NA,NA,NA,NA,NA,NA,NA,NA,NA,NA,NA,NA,NA,NA,NA,NA,NA,NA,NA,NA,Sympathie,mapendano,d,NA,NA,NA,NA,1,16
56b99,"""Falsch""-Screen",canvas.Screen,5_0_16_0_6_0_2,NA,NA,skipped,NA,3495366,NA,NA,3495360.4,3495366.2,2024-05-07T09:17:03Z,3495376.6,NA,NA,NA,NA,NA,NA,NA,NA,NA,NA,NA,NA,NA,NA,NA,NA,NA,NA,NA,NA,Sympathie,mapendano,d,NA,NA,NA,NA,NA,16
56b99,deep,flow.Sequence,5_0_16_0_6_0,NA,NA,completion,45921.8,3449424.4,3449421.8,3449438.6,3495360.4,3495366.4,2024-05-07T09:17:03Z,3495376.6,NA,NA,NA,NA,NA,NA,NA,NA,NA,NA,NA,NA,NA,NA,NA,NA,NA,NA,NA,NA,Sympathie,mapendano,d,NA,NA,NA,NA,NA,16
56b99,shallow,flow.Sequence,5_0_16_0_6_1,NA,NA,skipped,NA,3495366.6,NA,NA,3495360.4,3495366.7,2024-05-07T09:17:03Z,3495376.6,NA,NA,NA,NA,NA,NA,NA,NA,NA,NA,NA,NA,NA,NA,NA,NA,NA,NA,NA,NA,Sympathie,mapendano,d,NA,NA,NA,NA,NA,16
56b99,task,flow.Sequence,5_0_16_0_6,NA,NA,completion,45921.8,3449424.4,3449421.8,3449438.6,3495360.4,3495366.8000001,2024-05-07T09:17:03Z,3495376.6,NA,NA,NA,NA,NA,NA,NA,NA,NA,NA,NA,NA,NA,NA,NA,NA,NA,NA,NA,NA,Sympathie,mapendano,d,NA,NA,NA,NA,NA,16
56b99,deep,flow.Sequence,5_0_16_0_7_0,NA,NA,skipped,NA,3495366.8000001,NA,NA,3495360.4,3495366.8000001,2024-05-07T09:17:03Z,3495376.6,NA,NA,NA,NA,NA,NA,NA,NA,NA,NA,NA,NA,NA,NA,NA,NA,NA,NA,NA,NA,Polizist,msongora,s,simanzi,mandhari,nidhamu,NA,NA,16
56b99,Shallow Question,html.Page,5_0_16_0_7_1_0,msongora,NA,form submission,6741.7000000714,3495366.8000001,3495360.4,3495376.6,3502118.3000001,3502118.6,2024-05-07T09:17:09Z,3502122.6,NA,NA,NA,NA,NA,NA,NA,NA,NA,NA,NA,NA,NA,NA,NA,NA,NA,NA,NA,NA,Polizist,msongora,s,simanzi,mandhari,nidhamu,NA,NA,16
56b99,"""Richtig""-Screen",canvas.Screen,5_0_16_0_7_1_1,NA,NA,timeout,4996.8999999999,3502121.4,3502106.616,3502122.6,3507103.1,3507103.9,2024-05-07T09:17:14Z,3507119.5,NA,NA,NA,NA,NA,NA,NA,NA,NA,NA,NA,NA,NA,NA,NA,NA,NA,NA,NA,NA,Polizist,msongora,s,simanzi,mandhari,nidhamu,NA,1,16
56b99,"""Falsch""-Screen",canvas.Screen,5_0_16_0_7_1_2,NA,NA,skipped,NA,3507108.7,NA,NA,3507103.1,3507108.9,2024-05-07T09:17:14Z,3507119.5,NA,NA,NA,NA,NA,NA,NA,NA,NA,NA,NA,NA,NA,NA,NA,NA,NA,NA,NA,NA,Polizist,msongora,s,simanzi,mandhari,nidhamu,NA,NA,16
56b99,shallow,flow.Sequence,5_0_16_0_7_1,NA,NA,completion,11726.5,3495366.8000001,3495360.4,3495376.6,3507103.1,3507109.1,2024-05-07T09:17:14Z,3507119.5,NA,NA,NA,NA,NA,NA,NA,NA,NA,NA,NA,NA,NA,NA,NA,NA,NA,NA,NA,NA,Polizist,msongora,s,simanzi,mandhari,nidhamu,NA,NA,16
56b99,task,flow.Sequence,5_0_16_0_7,NA,NA,completion,11726.5,3495366.8000001,3495360.4,3495376.6,3507103.1,3507109.2,2024-05-07T09:17:14Z,3507119.5,NA,NA,NA,NA,NA,NA,NA,NA,NA,NA,NA,NA,NA,NA,NA,NA,NA,NA,NA,NA,Polizist,msongora,s,simanzi,mandhari,nidhamu,NA,NA,16
56b99,block,flow.Loop,5_0_16_0,NA,NA,completion,147709.318,3359405.6,3359393.782,3359393.782,3507103.1,3507109.4,2024-05-07T09:17:14Z,3507119.5,NA,NA,NA,NA,NA,NA,NA,NA,NA,NA,NA,NA,NA,NA,NA,NA,NA,NA,NA,NA,NA,NA,NA,NA,NA,NA,NA,NA,16
56b99,weiter,canvas.Screen,5_0_16_1,sdf,keypress(Space),response,1503,3507109.4,3507103.1,3507119.5,3508622.5,3508623.6,2024-05-07T09:17:16Z,3508635.562,NA,NA,NA,NA,NA,NA,NA,NA,NA,NA,NA,NA,NA,NA,NA,NA,NA,NA,NA,NA,NA,NA,NA,NA,NA,NA,NA,NA,16
56b99,check continue,flow.Sequence,5_0_16,NA,NA,completion,149228.718,3359405.5,3359393.782,3359393.782,3508622.5,3508624.1,2024-05-07T09:17:16Z,3508635.562,NA,NA,NA,NA,NA,NA,NA,NA,NA,NA,NA,NA,NA,NA,NA,NA,NA,NA,NA,NA,NA,NA,NA,NA,NA,NA,NA,NA,16
56b99,deep,flow.Sequence,5_0_17_0_0_0,NA,NA,skipped,NA,3508641.7,NA,NA,3508622.5,3508641.7,2024-05-07T09:17:16Z,3508635.562,NA,NA,NA,NA,NA,NA,NA,NA,NA,NA,NA,NA,NA,NA,NA,NA,NA,NA,NA,NA,Prüfung,mtihani,s,mkulima,mtizamo,ufumbuzi,NA,NA,17
56b99,Shallow Question,html.Page,5_0_17_0_0_1_0,mtihani,NA,form submission,9463.1380000478,3508641.7,3508635.562,3508635.562,3518098.7,3518099,2024-05-07T09:17:25Z,3518129.8,NA,NA,NA,NA,NA,NA,NA,NA,NA,NA,NA,NA,NA,NA,NA,NA,NA,NA,NA,NA,Prüfung,mtihani,s,mkulima,mtizamo,ufumbuzi,NA,NA,17
56b99,"""Richtig""-Screen",canvas.Screen,5_0_17_0_0_1_1,NA,NA,timeout,4996.6000000001,3518101.9,3518113.394,3518129.8,3523109.8,3523110.1,2024-05-07T09:17:30Z,3523126.4,NA,NA,NA,NA,NA,NA,NA,NA,NA,NA,NA,NA,NA,NA,NA,NA,NA,NA,NA,NA,Prüfung,mtihani,s,mkulima,mtizamo,ufumbuzi,NA,1,17
56b99,"""Falsch""-Screen",canvas.Screen,5_0_17_0_0_1_2,NA,NA,skipped,NA,3523112.1,NA,NA,3523109.8,3523112.2,2024-05-07T09:17:30Z,3523126.4,NA,NA,NA,NA,NA,NA,NA,NA,NA,NA,NA,NA,NA,NA,NA,NA,NA,NA,NA,NA,Prüfung,mtihani,s,mkulima,mtizamo,ufumbuzi,NA,NA,17
56b99,shallow,flow.Sequence,5_0_17_0_0_1,NA,NA,completion,14474.238,3508641.7,3508635.562,3508635.562,3523109.8,3523112.4,2024-05-07T09:17:30Z,3523126.4,NA,NA,NA,NA,NA,NA,NA,NA,NA,NA,NA,NA,NA,NA,NA,NA,NA,NA,NA,NA,Prüfung,mtihani,s,mkulima,mtizamo,ufumbuzi,NA,NA,17
56b99,task,flow.Sequence,5_0_17_0_0,NA,NA,completion,14474.238,3508641.7,3508635.562,3508635.562,3523109.8,3523112.4,2024-05-07T09:17:30Z,3523126.4,NA,NA,NA,NA,NA,NA,NA,NA,NA,NA,NA,NA,NA,NA,NA,NA,NA,NA,NA,NA,Prüfung,mtihani,s,mkulima,mtizamo,ufumbuzi,NA,NA,17
56b99,Deep Question,html.Page,5_0_17_0_1_0_0,mapendano,NA,form submission,13838.499999976,3523112.5,3523109.8,3523126.4,3536964.9,3536965.2,2024-05-07T09:17:44Z,3536968.586,NA,NA,NA,NA,NA,NA,NA,NA,NA,NA,NA,NA,NA,NA,NA,NA,NA,NA,NA,NA,Sympathie,mapendano,d,NA,NA,NA,NA,NA,17
56b99,"""Richtig""-Screen",canvas.Screen,5_0_17_0_1_0_1,NA,NA,timeout,4996.3139999998,3536968.2,3536968.586,3536968.586,3541948.5,3541950.1,2024-05-07T09:17:49Z,3541964.9,NA,NA,NA,NA,NA,NA,NA,NA,NA,NA,NA,NA,NA,NA,NA,NA,NA,NA,NA,NA,Sympathie,mapendano,d,NA,NA,NA,NA,1,17
56b99,"""Falsch""-Screen",canvas.Screen,5_0_17_0_1_0_2,NA,NA,skipped,NA,3541952.5,NA,NA,3541948.5,3541952.7,2024-05-07T09:17:49Z,3541964.9,NA,NA,NA,NA,NA,NA,NA,NA,NA,NA,NA,NA,NA,NA,NA,NA,NA,NA,NA,NA,Sympathie,mapendano,d,NA,NA,NA,NA,NA,17
56b99,deep,flow.Sequence,5_0_17_0_1_0,NA,NA,completion,18822.1,3523112.5,3523109.8,3523126.4,3541948.5,3541952.7,2024-05-07T09:17:49Z,3541964.9,NA,NA,NA,NA,NA,NA,NA,NA,NA,NA,NA,NA,NA,NA,NA,NA,NA,NA,NA,NA,Sympathie,mapendano,d,NA,NA,NA,NA,NA,17
56b99,shallow,flow.Sequence,5_0_17_0_1_1,NA,NA,skipped,NA,3541952.9,NA,NA,3541948.5,3541952.9,2024-05-07T09:17:49Z,3541964.9,NA,NA,NA,NA,NA,NA,NA,NA,NA,NA,NA,NA,NA,NA,NA,NA,NA,NA,NA,NA,Sympathie,mapendano,d,NA,NA,NA,NA,NA,17
56b99,task,flow.Sequence,5_0_17_0_1,NA,NA,completion,18822.1,3523112.5,3523109.8,3523126.4,3541948.5,3541953,2024-05-07T09:17:49Z,3541964.9,NA,NA,NA,NA,NA,NA,NA,NA,NA,NA,NA,NA,NA,NA,NA,NA,NA,NA,NA,NA,Sympathie,mapendano,d,NA,NA,NA,NA,NA,17
56b99,Deep Question,html.Page,5_0_17_0_2_0_0,kilewo,NA,form submission,30331.999999976,3541953,3541948.5,3541964.9,3572296.9,3572297.1,2024-05-07T09:18:20Z,3572313.7,NA,NA,NA,NA,NA,NA,NA,NA,NA,NA,NA,NA,NA,NA,NA,NA,NA,NA,NA,NA,Annäherung,maegesho,d,NA,NA,NA,NA,NA,17
56b99,"""Richtig""-Screen",canvas.Screen,5_0_17_0_2_0_1,NA,NA,skipped,NA,3572300.1,NA,NA,3572296.9,3572300.2,2024-05-07T09:18:20Z,3572313.7,NA,NA,NA,NA,NA,NA,NA,NA,NA,NA,NA,NA,NA,NA,NA,NA,NA,NA,NA,NA,Annäherung,maegesho,d,NA,NA,NA,NA,NA,17
56b99,"""Falsch""-Screen",canvas.Screen,5_0_17_0_2_0_2,NA,NA,timeout,4996.6999999997,3572300.9,3572297.12,3572313.7,3577293.5,3577294.4,2024-05-07T09:18:24Z,3577310.4,NA,NA,NA,NA,NA,NA,NA,NA,NA,NA,NA,NA,NA,NA,NA,NA,NA,NA,NA,NA,Annäherung,maegesho,d,NA,NA,NA,NA,0,17
56b99,deep,flow.Sequence,5_0_17_0_2_0,NA,NA,completion,35328.6,3541953,3541948.5,3541964.9,3577293.5,3577294.8000001,2024-05-07T09:18:24Z,3577310.4,NA,NA,NA,NA,NA,NA,NA,NA,NA,NA,NA,NA,NA,NA,NA,NA,NA,NA,NA,NA,Annäherung,maegesho,d,NA,NA,NA,NA,NA,17
56b99,shallow,flow.Sequence,5_0_17_0_2_1,NA,NA,skipped,NA,3577295,NA,NA,3577293.5,3577295.1,2024-05-07T09:18:24Z,3577310.4,NA,NA,NA,NA,NA,NA,NA,NA,NA,NA,NA,NA,NA,NA,NA,NA,NA,NA,NA,NA,Annäherung,maegesho,d,NA,NA,NA,NA,NA,17
56b99,task,flow.Sequence,5_0_17_0_2,NA,NA,completion,35328.6,3541953,3541948.5,3541964.9,3577293.5,3577295.3000001,2024-05-07T09:18:25Z,3577310.4,NA,NA,NA,NA,NA,NA,NA,NA,NA,NA,NA,NA,NA,NA,NA,NA,NA,NA,NA,NA,Annäherung,maegesho,d,NA,NA,NA,NA,NA,17
56b99,deep,flow.Sequence,5_0_17_0_3_0,NA,NA,skipped,NA,3577295.4,NA,NA,3577293.5,3577295.5,2024-05-07T09:18:25Z,3577310.4,NA,NA,NA,NA,NA,NA,NA,NA,NA,NA,NA,NA,NA,NA,NA,NA,NA,NA,NA,NA,Aufstand,ugomaji,s,mazidio,msingi,kujieleza,NA,NA,17
56b99,Shallow Question,html.Page,5_0_17_0_3_1_0,ugomaji,NA,form submission,4223.9999999763,3577295.7,3577293.5,3577310.4,3581534.4,3581534.6,2024-05-07T09:18:29Z,3581540.8,NA,NA,NA,NA,NA,NA,NA,NA,NA,NA,NA,NA,NA,NA,NA,NA,NA,NA,NA,NA,Aufstand,ugomaji,s,mazidio,msingi,kujieleza,NA,NA,17
56b99,"""Richtig""-Screen",canvas.Screen,5_0_17_0_3_1_1,NA,NA,timeout,4997.5,3581537.5,3581524.696,3581540.8,3586521.3,3586522.4,2024-05-07T09:18:34Z,3586538.3,NA,NA,NA,NA,NA,NA,NA,NA,NA,NA,NA,NA,NA,NA,NA,NA,NA,NA,NA,NA,Aufstand,ugomaji,s,mazidio,msingi,kujieleza,NA,1,17
56b99,"""Falsch""-Screen",canvas.Screen,5_0_17_0_3_1_2,NA,NA,skipped,NA,3586527.5,NA,NA,3586521.3,3586527.5,2024-05-07T09:18:34Z,3586538.3,NA,NA,NA,NA,NA,NA,NA,NA,NA,NA,NA,NA,NA,NA,NA,NA,NA,NA,NA,NA,Aufstand,ugomaji,s,mazidio,msingi,kujieleza,NA,NA,17
56b99,shallow,flow.Sequence,5_0_17_0_3_1,NA,NA,completion,9210.8999999999,3577295.6,3577293.5,3577310.4,3586521.3,3586527.6,2024-05-07T09:18:34Z,3586538.3,NA,NA,NA,NA,NA,NA,NA,NA,NA,NA,NA,NA,NA,NA,NA,NA,NA,NA,NA,NA,Aufstand,ugomaji,s,mazidio,msingi,kujieleza,NA,NA,17
56b99,task,flow.Sequence,5_0_17_0_3,NA,NA,completion,9210.8999999999,3577295.4,3577293.5,3577310.4,3586521.3,3586527.6,2024-05-07T09:18:34Z,3586538.3,NA,NA,NA,NA,NA,NA,NA,NA,NA,NA,NA,NA,NA,NA,NA,NA,NA,NA,NA,NA,Aufstand,ugomaji,s,mazidio,msingi,kujieleza,NA,NA,17
56b99,deep,flow.Sequence,5_0_17_0_4_0,NA,NA,skipped,NA,3586527.7,NA,NA,3586521.3,3586527.7,2024-05-07T09:18:34Z,3586538.3,NA,NA,NA,NA,NA,NA,NA,NA,NA,NA,NA,NA,NA,NA,NA,NA,NA,NA,NA,NA,Polizist,msongora,s,simanzi,mandhari,nidhamu,NA,NA,17
56b99,Shallow Question,html.Page,5_0_17_0_4_1_0,mandhari,NA,form submission,7939.7000000002,3586527.7,3586521.3,3586538.3,3594478,3594478.1,2024-05-07T09:18:42Z,3594483.492,NA,NA,NA,NA,NA,NA,NA,NA,NA,NA,NA,NA,NA,NA,NA,NA,NA,NA,NA,NA,Polizist,msongora,s,simanzi,mandhari,nidhamu,NA,NA,17
56b99,"""Richtig""-Screen",canvas.Screen,5_0_17_0_4_1_1,NA,NA,skipped,NA,3594481.1,NA,NA,3594478,3594481.3000001,2024-05-07T09:18:42Z,3594483.492,NA,NA,NA,NA,NA,NA,NA,NA,NA,NA,NA,NA,NA,NA,NA,NA,NA,NA,NA,NA,Polizist,msongora,s,simanzi,mandhari,nidhamu,NA,NA,17
56b99,"""Falsch""-Screen",canvas.Screen,5_0_17_0_4_1_2,NA,NA,timeout,4996.8079999997,3594482.1,3594483.492,3594483.492,3599463.5,3599464.5,2024-05-07T09:18:47Z,3599480.3,NA,NA,NA,NA,NA,NA,NA,NA,NA,NA,NA,NA,NA,NA,NA,NA,NA,NA,NA,NA,Polizist,msongora,s,simanzi,mandhari,nidhamu,NA,0,17
56b99,shallow,flow.Sequence,5_0_17_0_4_1,NA,NA,completion,12925.2,3586527.7,3586521.3,3586538.3,3599463.5,3599464.9,2024-05-07T09:18:47Z,3599480.3,NA,NA,NA,NA,NA,NA,NA,NA,NA,NA,NA,NA,NA,NA,NA,NA,NA,NA,NA,NA,Polizist,msongora,s,simanzi,mandhari,nidhamu,NA,NA,17
56b99,task,flow.Sequence,5_0_17_0_4,NA,NA,completion,12925.2,3586527.7,3586521.3,3586538.3,3599463.5,3599465,2024-05-07T09:18:47Z,3599480.3,NA,NA,NA,NA,NA,NA,NA,NA,NA,NA,NA,NA,NA,NA,NA,NA,NA,NA,NA,NA,Polizist,msongora,s,simanzi,mandhari,nidhamu,NA,NA,17
56b99,deep,flow.Sequence,5_0_17_0_5_0,NA,NA,skipped,NA,3599465.2,NA,NA,3599463.5,3599465.3000001,2024-05-07T09:18:47Z,3599480.3,NA,NA,NA,NA,NA,NA,NA,NA,NA,NA,NA,NA,NA,NA,NA,NA,NA,NA,NA,NA,Beweis,ushahidi,s,marudio,kizuizi,mtendaji,NA,NA,17
56b99,Shallow Question,html.Page,5_0_17_0_5_1_0,ushahidi,NA,form submission,3921.800000024,3599465.5,3599463.5,3599480.3,3603402.1,3603402.3000001,2024-05-07T09:18:51Z,3603410.8,NA,NA,NA,NA,NA,NA,NA,NA,NA,NA,NA,NA,NA,NA,NA,NA,NA,NA,NA,NA,Beweis,ushahidi,s,marudio,kizuizi,mtendaji,NA,NA,17
56b99,"""Richtig""-Screen",canvas.Screen,5_0_17_0_5_1_1,NA,NA,timeout,4997.3000000003,3603405.2,3603394.788,3603410.8,3608391.1,3608392.1,2024-05-07T09:18:56Z,3608408.1,NA,NA,NA,NA,NA,NA,NA,NA,NA,NA,NA,NA,NA,NA,NA,NA,NA,NA,NA,NA,Beweis,ushahidi,s,marudio,kizuizi,mtendaji,NA,1,17
56b99,"""Falsch""-Screen",canvas.Screen,5_0_17_0_5_1_2,NA,NA,skipped,NA,3608397.4,NA,NA,3608391.1,3608397.4,2024-05-07T09:18:56Z,3608408.1,NA,NA,NA,NA,NA,NA,NA,NA,NA,NA,NA,NA,NA,NA,NA,NA,NA,NA,NA,NA,Beweis,ushahidi,s,marudio,kizuizi,mtendaji,NA,NA,17
56b99,shallow,flow.Sequence,5_0_17_0_5_1,NA,NA,completion,8910.8000000003,3599465.5,3599463.5,3599480.3,3608391.1,3608397.6,2024-05-07T09:18:56Z,3608408.1,NA,NA,NA,NA,NA,NA,NA,NA,NA,NA,NA,NA,NA,NA,NA,NA,NA,NA,NA,NA,Beweis,ushahidi,s,marudio,kizuizi,mtendaji,NA,NA,17
56b99,task,flow.Sequence,5_0_17_0_5,NA,NA,completion,8910.8000000003,3599465.2,3599463.5,3599480.3,3608391.1,3608397.6,2024-05-07T09:18:56Z,3608408.1,NA,NA,NA,NA,NA,NA,NA,NA,NA,NA,NA,NA,NA,NA,NA,NA,NA,NA,NA,NA,Beweis,ushahidi,s,marudio,kizuizi,mtendaji,NA,NA,17
56b99,Deep Question,html.Page,5_0_17_0_6_0_0,udan,NA,form submission,24948.4,3608397.7,3608391.1,3608408.1,3633356.5,3633356.8000001,2024-05-07T09:19:21Z,3633360.01,NA,NA,NA,NA,NA,NA,NA,NA,NA,NA,NA,NA,NA,NA,NA,NA,NA,NA,NA,NA,Kultur,utamaduni,d,NA,NA,NA,NA,NA,17
56b99,"""Richtig""-Screen",canvas.Screen,5_0_17_0_6_0_1,NA,NA,skipped,NA,3633359.9,NA,NA,3633356.5,3633360,2024-05-07T09:19:21Z,3633360.01,NA,NA,NA,NA,NA,NA,NA,NA,NA,NA,NA,NA,NA,NA,NA,NA,NA,NA,NA,NA,Kultur,utamaduni,d,NA,NA,NA,NA,NA,17
56b99,"""Falsch""-Screen",canvas.Screen,5_0_17_0_6_0_2,NA,NA,timeout,4996.4900000002,3633360.4,3633360.01,3633360.01,3638339.7,3638340.7,2024-05-07T09:19:26Z,3638356.5,NA,NA,NA,NA,NA,NA,NA,NA,NA,NA,NA,NA,NA,NA,NA,NA,NA,NA,NA,NA,Kultur,utamaduni,d,NA,NA,NA,NA,0,17
56b99,deep,flow.Sequence,5_0_17_0_6_0,NA,NA,completion,29931.6,3608397.6,3608391.1,3608408.1,3638339.7,3638341.1,2024-05-07T09:19:26Z,3638356.5,NA,NA,NA,NA,NA,NA,NA,NA,NA,NA,NA,NA,NA,NA,NA,NA,NA,NA,NA,NA,Kultur,utamaduni,d,NA,NA,NA,NA,NA,17
56b99,shallow,flow.Sequence,5_0_17_0_6_1,NA,NA,skipped,NA,3638341.2,NA,NA,3638339.7,3638341.3000001,2024-05-07T09:19:26Z,3638356.5,NA,NA,NA,NA,NA,NA,NA,NA,NA,NA,NA,NA,NA,NA,NA,NA,NA,NA,NA,NA,Kultur,utamaduni,d,NA,NA,NA,NA,NA,17
56b99,task,flow.Sequence,5_0_17_0_6,NA,NA,completion,29931.6,3608397.6,3608391.1,3608408.1,3638339.7,3638341.5,2024-05-07T09:19:26Z,3638356.5,NA,NA,NA,NA,NA,NA,NA,NA,NA,NA,NA,NA,NA,NA,NA,NA,NA,NA,NA,NA,Kultur,utamaduni,d,NA,NA,NA,NA,NA,17
56b99,Deep Question,html.Page,5_0_17_0_7_0_0,sad,NA,form submission,30115.200000048,3638341.7,3638339.7,3638356.5,3668471.7,3668471.9,2024-05-07T09:19:56Z,3668487.7,NA,NA,NA,NA,NA,NA,NA,NA,NA,NA,NA,NA,NA,NA,NA,NA,NA,NA,NA,NA,Verzögerung,kuchelewa,d,NA,NA,NA,NA,NA,17
56b99,"""Richtig""-Screen",canvas.Screen,5_0_17_0_7_0_1,NA,NA,skipped,NA,3668474.9,NA,NA,3668471.7,3668475.1,2024-05-07T09:19:56Z,3668487.7,NA,NA,NA,NA,NA,NA,NA,NA,NA,NA,NA,NA,NA,NA,NA,NA,NA,NA,NA,NA,Verzögerung,kuchelewa,d,NA,NA,NA,NA,NA,17
56b99,"""Falsch""-Screen",canvas.Screen,5_0_17_0_7_0_2,NA,NA,timeout,4996.8999999999,3668475.8000001,3668471.366,3668487.7,3673468.1,3673469,2024-05-07T09:20:01Z,3673484.6,NA,NA,NA,NA,NA,NA,NA,NA,NA,NA,NA,NA,NA,NA,NA,NA,NA,NA,NA,NA,Verzögerung,kuchelewa,d,NA,NA,NA,NA,0,17
56b99,deep,flow.Sequence,5_0_17_0_7_0,NA,NA,completion,35111.6,3638341.7,3638339.7,3638356.5,3673468.1,3673469.3000001,2024-05-07T09:20:01Z,3673484.6,NA,NA,NA,NA,NA,NA,NA,NA,NA,NA,NA,NA,NA,NA,NA,NA,NA,NA,NA,NA,Verzögerung,kuchelewa,d,NA,NA,NA,NA,NA,17
56b99,shallow,flow.Sequence,5_0_17_0_7_1,NA,NA,skipped,NA,3673469.4,NA,NA,3673468.1,3673469.5,2024-05-07T09:20:01Z,3673484.6,NA,NA,NA,NA,NA,NA,NA,NA,NA,NA,NA,NA,NA,NA,NA,NA,NA,NA,NA,NA,Verzögerung,kuchelewa,d,NA,NA,NA,NA,NA,17
56b99,task,flow.Sequence,5_0_17_0_7,NA,NA,completion,35111.6,3638341.7,3638339.7,3638356.5,3673468.1,3673469.7,2024-05-07T09:20:01Z,3673484.6,NA,NA,NA,NA,NA,NA,NA,NA,NA,NA,NA,NA,NA,NA,NA,NA,NA,NA,NA,NA,Verzögerung,kuchelewa,d,NA,NA,NA,NA,NA,17
56b99,block,flow.Loop,5_0_17_0,NA,NA,completion,164832.538,3508641.7,3508635.562,3508635.562,3673468.1,3673470,2024-05-07T09:20:01Z,3673484.6,NA,NA,NA,NA,NA,NA,NA,NA,NA,NA,NA,NA,NA,NA,NA,NA,NA,NA,NA,NA,NA,NA,NA,NA,NA,NA,NA,NA,17
56b99,weiter,canvas.Screen,5_0_17_1,sdf,keypress(Space),response,1354.3999999999,3673470.2,3673468.1,3673484.6,3674839,3674839.9,2024-05-07T09:20:02Z,3674984.54,NA,NA,NA,NA,NA,NA,NA,NA,NA,NA,NA,NA,NA,NA,NA,NA,NA,NA,NA,NA,NA,NA,NA,NA,NA,NA,NA,NA,17
56b99,check continue,flow.Sequence,5_0_17,NA,NA,completion,166203.438,3508641.6,3508635.562,3508635.562,3674839,3674840.3000001,2024-05-07T09:20:02Z,3674984.54,NA,NA,NA,NA,NA,NA,NA,NA,NA,NA,NA,NA,NA,NA,NA,NA,NA,NA,NA,NA,NA,NA,NA,NA,NA,NA,NA,NA,17
56b99,check continue,flow.Sequence,5_0_18,NA,NA,skipped,NA,3674858.1,NA,NA,3674839,3674858.1,2024-05-07T09:20:02Z,3674984.54,NA,NA,NA,NA,NA,NA,NA,NA,NA,NA,NA,NA,NA,NA,NA,NA,NA,NA,NA,NA,NA,NA,NA,NA,NA,NA,NA,NA,18
56b99,check continue,flow.Sequence,5_0_19,NA,NA,skipped,NA,3674870.7,NA,NA,3674839,3674870.7,2024-05-07T09:20:02Z,3674984.54,NA,NA,NA,NA,NA,NA,NA,NA,NA,NA,NA,NA,NA,NA,NA,NA,NA,NA,NA,NA,NA,NA,NA,NA,NA,NA,NA,NA,19
56b99,check continue,flow.Sequence,5_0_20,NA,NA,skipped,NA,3674883.5,NA,NA,3674839,3674883.7,2024-05-07T09:20:02Z,3674984.54,NA,NA,NA,NA,NA,NA,NA,NA,NA,NA,NA,NA,NA,NA,NA,NA,NA,NA,NA,NA,NA,NA,NA,NA,NA,NA,NA,NA,20
56b99,check continue,flow.Sequence,5_0_21,NA,NA,skipped,NA,3674895.3000001,NA,NA,3674839,3674895.3000001,2024-05-07T09:20:02Z,3674984.54,NA,NA,NA,NA,NA,NA,NA,NA,NA,NA,NA,NA,NA,NA,NA,NA,NA,NA,NA,NA,NA,NA,NA,NA,NA,NA,NA,NA,21
56b99,check continue,flow.Sequence,5_0_22,NA,NA,skipped,NA,3674906.5,NA,NA,3674839,3674906.5,2024-05-07T09:20:02Z,3674984.54,NA,NA,NA,NA,NA,NA,NA,NA,NA,NA,NA,NA,NA,NA,NA,NA,NA,NA,NA,NA,NA,NA,NA,NA,NA,NA,NA,NA,22
56b99,check continue,flow.Sequence,5_0_23,NA,NA,skipped,NA,3674918.6,NA,NA,3674839,3674918.6,2024-05-07T09:20:02Z,3674984.54,NA,NA,NA,NA,NA,NA,NA,NA,NA,NA,NA,NA,NA,NA,NA,NA,NA,NA,NA,NA,NA,NA,NA,NA,NA,NA,NA,NA,23
56b99,check continue,flow.Sequence,5_0_24,NA,NA,skipped,NA,3674929.8000001,NA,NA,3674839,3674929.8000001,2024-05-07T09:20:02Z,3674984.54,NA,NA,NA,NA,NA,NA,NA,NA,NA,NA,NA,NA,NA,NA,NA,NA,NA,NA,NA,NA,NA,NA,NA,NA,NA,NA,NA,NA,24
56b99,check continue,flow.Sequence,5_0_25,NA,NA,skipped,NA,3674941.5,NA,NA,3674839,3674941.6,2024-05-07T09:20:02Z,3674984.54,NA,NA,NA,NA,NA,NA,NA,NA,NA,NA,NA,NA,NA,NA,NA,NA,NA,NA,NA,NA,NA,NA,NA,NA,NA,NA,NA,NA,25
56b99,check continue,flow.Sequence,5_0_26,NA,NA,skipped,NA,3674953.1,NA,NA,3674839,3674953.1,2024-05-07T09:20:02Z,3674984.54,NA,NA,NA,NA,NA,NA,NA,NA,NA,NA,NA,NA,NA,NA,NA,NA,NA,NA,NA,NA,NA,NA,NA,NA,NA,NA,NA,NA,26
56b99,check continue,flow.Sequence,5_0_27,NA,NA,skipped,NA,3674963.9,NA,NA,3674839,3674963.9,2024-05-07T09:20:02Z,3674984.54,NA,NA,NA,NA,NA,NA,NA,NA,NA,NA,NA,NA,NA,NA,NA,NA,NA,NA,NA,NA,NA,NA,NA,NA,NA,NA,NA,NA,27
56b99,check continue,flow.Sequence,5_0_28,NA,NA,skipped,NA,3674975.7,NA,NA,3674839,3674975.7,2024-05-07T09:20:02Z,3674984.54,NA,NA,NA,NA,NA,NA,NA,NA,NA,NA,NA,NA,NA,NA,NA,NA,NA,NA,NA,NA,NA,NA,NA,NA,NA,NA,NA,NA,28
56b99,check continue,flow.Sequence,5_0_29,NA,NA,skipped,NA,3674986.4,NA,NA,3674839,3674986.5,2024-05-07T09:20:02Z,3674984.54,NA,NA,NA,NA,NA,NA,NA,NA,NA,NA,NA,NA,NA,NA,NA,NA,NA,NA,NA,NA,NA,NA,NA,NA,NA,NA,NA,NA,29
56b99,until continue,flow.Loop,5_0,NA,NA,completion,2178092.5,1496718.5,1496729.232,1496746.5,3674839,3674986.5,2024-05-07T09:20:02Z,3674984.54,NA,NA,NA,NA,NA,NA,NA,NA,NA,NA,NA,NA,NA,NA,NA,NA,NA,NA,NA,NA,NA,NA,NA,NA,NA,NA,NA,NA,NA
56b99,block 2,flow.Sequence,5,NA,NA,completion,2178092.5,1496718.5,1496729.232,1496746.5,3674839,3674986.5,2024-05-07T09:20:02Z,3674984.54,NA,NA,NA,NA,NA,NA,NA,NA,NA,NA,NA,NA,NA,NA,NA,NA,NA,NA,NA,NA,NA,NA,NA,NA,NA,NA,NA,NA,NA
56b99,2.Part Over,canvas.Screen,6,NA,keypress(Space),response,6692.6600000476,3674986.6,3674984.54,3674984.54,3681677.2,3681678.1,2024-05-07T09:20:09Z,3681729.9,NA,NA,NA,NA,NA,NA,NA,NA,NA,NA,NA,NA,NA,NA,NA,NA,NA,NA,NA,NA,NA,NA,NA,NA,NA,NA,NA,NA,NA
56b99,deep,flow.Sequence,7_0_0_0_0_0,NA,NA,skipped,NA,3681722.9,NA,NA,3681677.2,3681722.9,2024-05-07T09:20:09Z,3681729.9,NA,NA,NA,NA,NA,NA,NA,NA,NA,NA,NA,NA,NA,NA,NA,NA,NA,NA,NA,NA,Wettbewerb,ushindani,s,mapendezi,kichocheo,ubaguzi,sdf,NA,0
56b99,Shallow Question,html.Page,7_0_0_0_0_1_0,mapendezi,NA,form submission,9098.6000000001,3681723,3681717.7,3681729.9,3690828.5,3690828.7,2024-05-07T09:20:18Z,3690840.8,NA,NA,NA,NA,NA,NA,NA,NA,NA,NA,NA,NA,NA,NA,NA,NA,NA,NA,NA,NA,Wettbewerb,ushindani,s,mapendezi,kichocheo,ubaguzi,NA,NA,0
56b99,"""Richtig""-Screen",canvas.Screen,7_0_0_0_0_1_1,NA,NA,skipped,NA,3690832.1,NA,NA,3690828.5,3690832.3000001,2024-05-07T09:20:18Z,3690840.8,NA,NA,NA,NA,NA,NA,NA,NA,NA,NA,NA,NA,NA,NA,NA,NA,NA,NA,NA,NA,Wettbewerb,ushindani,s,mapendezi,kichocheo,ubaguzi,sdf,NA,0
56b99,"""Falsch""-Screen",canvas.Screen,7_0_0_0_0_1_2,NA,NA,timeout,4997.2000000002,3690832.9,3690824.852,3690840.8,3695821.3,3695822,2024-05-07T09:20:23Z,3695838,NA,NA,NA,NA,NA,NA,NA,NA,NA,NA,NA,NA,NA,NA,NA,NA,NA,NA,NA,NA,Wettbewerb,ushindani,s,mapendezi,kichocheo,ubaguzi,sdf,0,0
56b99,shallow,flow.Sequence,7_0_0_0_0_1,NA,NA,completion,14091.4,3681723,3681717.7,3681729.9,3695821.3,3695822.3000001,2024-05-07T09:20:23Z,3695838,NA,NA,NA,NA,NA,NA,NA,NA,NA,NA,NA,NA,NA,NA,NA,NA,NA,NA,NA,NA,Wettbewerb,ushindani,s,mapendezi,kichocheo,ubaguzi,sdf,NA,0
56b99,task,flow.Sequence,7_0_0_0_0,NA,NA,completion,14091.4,3681722.9,3681717.7,3681729.9,3695821.3,3695822.4,2024-05-07T09:20:23Z,3695838,NA,NA,NA,NA,NA,NA,NA,NA,NA,NA,NA,NA,NA,NA,NA,NA,NA,NA,NA,NA,Wettbewerb,ushindani,s,mapendezi,kichocheo,ubaguzi,sdf,NA,0
56b99,Deep Question,html.Page,7_0_0_0_1_0_0,j,NA,form submission,5663.8000000715,3695822.5,3695821.3,3695838,3701501.8000001,3701502,2024-05-07T09:20:29Z,3701518.1,NA,NA,NA,NA,NA,NA,NA,NA,NA,NA,NA,NA,NA,NA,NA,NA,NA,NA,NA,NA,Kanzler,diwani,d,NA,NA,NA,NA,NA,0
56b99,"""Richtig""-Screen",canvas.Screen,7_0_0_0_1_0_1,NA,NA,skipped,NA,3701503.6,NA,NA,3701501.8000001,3701503.7,2024-05-07T09:20:29Z,3701518.1,NA,NA,NA,NA,NA,NA,NA,NA,NA,NA,NA,NA,NA,NA,NA,NA,NA,NA,NA,NA,Kanzler,diwani,d,NA,NA,NA,sdf,NA,0
56b99,"""Falsch""-Screen",canvas.Screen,7_0_0_0_1_0_2,NA,NA,timeout,4996.5,3701504.1,3701501.522,3701518.1,3706498,3706499,2024-05-07T09:20:34Z,3706514.6,NA,NA,NA,NA,NA,NA,NA,NA,NA,NA,NA,NA,NA,NA,NA,NA,NA,NA,NA,NA,Kanzler,diwani,d,NA,NA,NA,sdf,0,0
56b99,deep,flow.Sequence,7_0_0_0_1_0,NA,NA,completion,10660,3695822.4,3695821.3,3695838,3706498,3706499.4,2024-05-07T09:20:34Z,3706514.6,NA,NA,NA,NA,NA,NA,NA,NA,NA,NA,NA,NA,NA,NA,NA,NA,NA,NA,NA,NA,Kanzler,diwani,d,NA,NA,NA,sdf,NA,0
56b99,shallow,flow.Sequence,7_0_0_0_1_1,NA,NA,skipped,NA,3706499.5,NA,NA,3706498,3706499.7,2024-05-07T09:20:34Z,3706514.6,NA,NA,NA,NA,NA,NA,NA,NA,NA,NA,NA,NA,NA,NA,NA,NA,NA,NA,NA,NA,Kanzler,diwani,d,NA,NA,NA,sdf,NA,0
56b99,task,flow.Sequence,7_0_0_0_1,NA,NA,completion,10660,3695822.4,3695821.3,3695838,3706498,3706499.9,2024-05-07T09:20:34Z,3706514.6,NA,NA,NA,NA,NA,NA,NA,NA,NA,NA,NA,NA,NA,NA,NA,NA,NA,NA,NA,NA,Kanzler,diwani,d,NA,NA,NA,sdf,NA,0
56b99,deep,flow.Sequence,7_0_0_0_2_0,NA,NA,skipped,NA,3706500.1,NA,NA,3706498,3706500.2,2024-05-07T09:20:34Z,3706514.6,NA,NA,NA,NA,NA,NA,NA,NA,NA,NA,NA,NA,NA,NA,NA,NA,NA,NA,NA,NA,Angreifer,mshambulizi,s,kitengo,tasinia,usafirishaji,sdf,NA,0
56b99,Shallow Question,html.Page,7_0_0_0_2_1_0,kitengo,NA,form submission,8929.3999999999,3706500.3000001,3706498,3706514.6,3715444,3715444.3000001,2024-05-07T09:20:43Z,3715459,NA,NA,NA,NA,NA,NA,NA,NA,NA,NA,NA,NA,NA,NA,NA,NA,NA,NA,NA,NA,Angreifer,mshambulizi,s,kitengo,tasinia,usafirishaji,NA,NA,0
56b99,"""Richtig""-Screen",canvas.Screen,7_0_0_0_2_1_1,NA,NA,skipped,NA,3715447.4,NA,NA,3715444,3715447.5,2024-05-07T09:20:43Z,3715459,NA,NA,NA,NA,NA,NA,NA,NA,NA,NA,NA,NA,NA,NA,NA,NA,NA,NA,NA,NA,Angreifer,mshambulizi,s,kitengo,tasinia,usafirishaji,sdf,NA,0
56b99,"""Falsch""-Screen",canvas.Screen,7_0_0_0_2_1_2,NA,NA,timeout,4997.6000000001,3715447.9,3715443,3715459,3720439.4,3720441.7,2024-05-07T09:20:48Z,3720456.6,NA,NA,NA,NA,NA,NA,NA,NA,NA,NA,NA,NA,NA,NA,NA,NA,NA,NA,NA,NA,Angreifer,mshambulizi,s,kitengo,tasinia,usafirishaji,sdf,0,0
56b99,shallow,flow.Sequence,7_0_0_0_2_1,NA,NA,completion,13924.8,3706500.3000001,3706498,3706514.6,3720439.4,3720442.1,2024-05-07T09:20:48Z,3720456.6,NA,NA,NA,NA,NA,NA,NA,NA,NA,NA,NA,NA,NA,NA,NA,NA,NA,NA,NA,NA,Angreifer,mshambulizi,s,kitengo,tasinia,usafirishaji,sdf,NA,0
56b99,task,flow.Sequence,7_0_0_0_2,NA,NA,completion,13924.8,3706500,3706498,3706514.6,3720439.4,3720442.3000001,2024-05-07T09:20:48Z,3720456.6,NA,NA,NA,NA,NA,NA,NA,NA,NA,NA,NA,NA,NA,NA,NA,NA,NA,NA,NA,NA,Angreifer,mshambulizi,s,kitengo,tasinia,usafirishaji,sdf,NA,0
56b99,Deep Question,html.Page,7_0_0_0_3_0_0,d,NA,form submission,3762.3999999999,3720442.6,3720439.4,3720456.6,3724219,3724219.2,2024-05-07T09:20:51Z,3724221.058,NA,NA,NA,NA,NA,NA,NA,NA,NA,NA,NA,NA,NA,NA,NA,NA,NA,NA,NA,NA,Zufall,kikuti,d,NA,NA,NA,NA,NA,0
56b99,"""Richtig""-Screen",canvas.Screen,7_0_0_0_3_0_1,NA,NA,skipped,NA,3724222.2,NA,NA,3724219,3724222.4,2024-05-07T09:20:51Z,3724221.058,NA,NA,NA,NA,NA,NA,NA,NA,NA,NA,NA,NA,NA,NA,NA,NA,NA,NA,NA,NA,Zufall,kikuti,d,NA,NA,NA,sdf,NA,0
56b99,"""Falsch""-Screen",canvas.Screen,7_0_0_0_3_0_2,NA,NA,timeout,4997.0419999999,3724223.2,3724221.058,3724221.058,3729200.8,3729201.9,2024-05-07T09:20:56Z,3729218.1,NA,NA,NA,NA,NA,NA,NA,NA,NA,NA,NA,NA,NA,NA,NA,NA,NA,NA,NA,NA,Zufall,kikuti,d,NA,NA,NA,sdf,0,0
56b99,deep,flow.Sequence,7_0_0_0_3_0,NA,NA,completion,8744.1999999997,3720442.6,3720439.4,3720456.6,3729200.8,3729202.2,2024-05-07T09:20:56Z,3729218.1,NA,NA,NA,NA,NA,NA,NA,NA,NA,NA,NA,NA,NA,NA,NA,NA,NA,NA,NA,NA,Zufall,kikuti,d,NA,NA,NA,sdf,NA,0
56b99,shallow,flow.Sequence,7_0_0_0_3_1,NA,NA,skipped,NA,3729202.4,NA,NA,3729200.8,3729202.6,2024-05-07T09:20:56Z,3729218.1,NA,NA,NA,NA,NA,NA,NA,NA,NA,NA,NA,NA,NA,NA,NA,NA,NA,NA,NA,NA,Zufall,kikuti,d,NA,NA,NA,sdf,NA,0
56b99,task,flow.Sequence,7_0_0_0_3,NA,NA,completion,8744.1999999997,3720442.5,3720439.4,3720456.6,3729200.8,3729202.7,2024-05-07T09:20:56Z,3729218.1,NA,NA,NA,NA,NA,NA,NA,NA,NA,NA,NA,NA,NA,NA,NA,NA,NA,NA,NA,NA,Zufall,kikuti,d,NA,NA,NA,sdf,NA,0
56b99,deep,flow.Sequence,7_0_0_0_4_0,NA,NA,skipped,NA,3729202.8000001,NA,NA,3729200.8,3729202.9,2024-05-07T09:20:56Z,3729218.1,NA,NA,NA,NA,NA,NA,NA,NA,NA,NA,NA,NA,NA,NA,NA,NA,NA,NA,NA,NA,Sänger,mwimbaji,s,msichana,shughuli,mshirika,sdf,NA,0
56b99,Shallow Question,html.Page,7_0_0_0_4_1_0,mshirika,NA,form submission,6335.1000000476,3729203.1,3729200.8,3729218.1,3735553.2,3735553.3000001,2024-05-07T09:21:03Z,3735580.4,NA,NA,NA,NA,NA,NA,NA,NA,NA,NA,NA,NA,NA,NA,NA,NA,NA,NA,NA,NA,Sänger,mwimbaji,s,msichana,shughuli,mshirika,NA,NA,0
56b99,"""Richtig""-Screen",canvas.Screen,7_0_0_0_4_1_1,NA,NA,skipped,NA,3735554.9,NA,NA,3735553.2,3735555,2024-05-07T09:21:03Z,3735580.4,NA,NA,NA,NA,NA,NA,NA,NA,NA,NA,NA,NA,NA,NA,NA,NA,NA,NA,NA,NA,Sänger,mwimbaji,s,msichana,shughuli,mshirika,sdf,NA,0
56b99,"""Falsch""-Screen",canvas.Screen,7_0_0_0_4_1_2,NA,NA,timeout,4997.3000000003,3735555.4,3735563.466,3735580.4,3740560.7,3740561.8000001,2024-05-07T09:21:08Z,3740577.7,NA,NA,NA,NA,NA,NA,NA,NA,NA,NA,NA,NA,NA,NA,NA,NA,NA,NA,NA,NA,Sänger,mwimbaji,s,msichana,shughuli,mshirika,sdf,0,0
56b99,shallow,flow.Sequence,7_0_0_0_4_1,NA,NA,completion,11342.6,3729203,3729200.8,3729218.1,3740560.7,3740562.2,2024-05-07T09:21:08Z,3740577.7,NA,NA,NA,NA,NA,NA,NA,NA,NA,NA,NA,NA,NA,NA,NA,NA,NA,NA,NA,NA,Sänger,mwimbaji,s,msichana,shughuli,mshirika,sdf,NA,0
56b99,task,flow.Sequence,7_0_0_0_4,NA,NA,completion,11342.6,3729202.8000001,3729200.8,3729218.1,3740560.7,3740562.4,2024-05-07T09:21:08Z,3740577.7,NA,NA,NA,NA,NA,NA,NA,NA,NA,NA,NA,NA,NA,NA,NA,NA,NA,NA,NA,NA,Sänger,mwimbaji,s,msichana,shughuli,mshirika,sdf,NA,0
56b99,Deep Question,html.Page,7_0_0_0_5_0_0,as,NA,form submission,4289.6000000713,3740562.6,3740560.7,3740577.7,3744867.3000001,3744867.5,2024-05-07T09:21:12Z,3744874.4,NA,NA,NA,NA,NA,NA,NA,NA,NA,NA,NA,NA,NA,NA,NA,NA,NA,NA,NA,NA,Abrechnung,uhasibu,d,NA,NA,NA,NA,NA,0
56b99,"""Richtig""-Screen",canvas.Screen,7_0_0_0_5_0_1,NA,NA,skipped,NA,3744870.4,NA,NA,3744867.3000001,3744870.5,2024-05-07T09:21:12Z,3744874.4,NA,NA,NA,NA,NA,NA,NA,NA,NA,NA,NA,NA,NA,NA,NA,NA,NA,NA,NA,NA,Abrechnung,uhasibu,d,NA,NA,NA,sdf,NA,0
56b99,"""Falsch""-Screen",canvas.Screen,7_0_0_0_5_0_2,NA,NA,timeout,4997.5,3744871.3000001,3744858.492,3744874.4,3749855,3749855.9,2024-05-07T09:21:17Z,3749871.9,NA,NA,NA,NA,NA,NA,NA,NA,NA,NA,NA,NA,NA,NA,NA,NA,NA,NA,NA,NA,Abrechnung,uhasibu,d,NA,NA,NA,sdf,0,0
56b99,deep,flow.Sequence,7_0_0_0_5_0,NA,NA,completion,9277.2999999998,3740562.6,3740560.7,3740577.7,3749855,3749856.4,2024-05-07T09:21:17Z,3749871.9,NA,NA,NA,NA,NA,NA,NA,NA,NA,NA,NA,NA,NA,NA,NA,NA,NA,NA,NA,NA,Abrechnung,uhasibu,d,NA,NA,NA,sdf,NA,0
56b99,shallow,flow.Sequence,7_0_0_0_5_1,NA,NA,skipped,NA,3749856.5,NA,NA,3749855,3749856.6,2024-05-07T09:21:17Z,3749871.9,NA,NA,NA,NA,NA,NA,NA,NA,NA,NA,NA,NA,NA,NA,NA,NA,NA,NA,NA,NA,Abrechnung,uhasibu,d,NA,NA,NA,sdf,NA,0
56b99,task,flow.Sequence,7_0_0_0_5,NA,NA,completion,9277.2999999998,3740562.5,3740560.7,3740577.7,3749855,3749856.8000001,2024-05-07T09:21:17Z,3749871.9,NA,NA,NA,NA,NA,NA,NA,NA,NA,NA,NA,NA,NA,NA,NA,NA,NA,NA,NA,NA,Abrechnung,uhasibu,d,NA,NA,NA,sdf,NA,0
56b99,Deep Question,html.Page,7_0_0_0_6_0_0,kl,NA,form submission,4858.1000000001,3749856.9,3749855,3749871.9,3754730,3754730.3000001,2024-05-07T09:21:22Z,3754735.1,NA,NA,NA,NA,NA,NA,NA,NA,NA,NA,NA,NA,NA,NA,NA,NA,NA,NA,NA,NA,Schönheit,kirembo,d,NA,NA,NA,NA,NA,0
56b99,"""Richtig""-Screen",canvas.Screen,7_0_0_0_6_0_1,NA,NA,skipped,NA,3754733.1,NA,NA,3754730,3754733.3000001,2024-05-07T09:21:22Z,3754735.1,NA,NA,NA,NA,NA,NA,NA,NA,NA,NA,NA,NA,NA,NA,NA,NA,NA,NA,NA,NA,Schönheit,kirembo,d,NA,NA,NA,sdf,NA,0
56b99,"""Falsch""-Screen",canvas.Screen,7_0_0_0_6_0_2,NA,NA,timeout,4997.3999999999,3754734.1,3754719.1,3754735.1,3759715.9,3759716.9,2024-05-07T09:21:27Z,3759732.5,NA,NA,NA,NA,NA,NA,NA,NA,NA,NA,NA,NA,NA,NA,NA,NA,NA,NA,NA,NA,Schönheit,kirembo,d,NA,NA,NA,sdf,0,0
56b99,deep,flow.Sequence,7_0_0_0_6_0,NA,NA,completion,9844,3749856.9,3749855,3749871.9,3759715.9,3759717.2,2024-05-07T09:21:27Z,3759732.5,NA,NA,NA,NA,NA,NA,NA,NA,NA,NA,NA,NA,NA,NA,NA,NA,NA,NA,NA,NA,Schönheit,kirembo,d,NA,NA,NA,sdf,NA,0
56b99,shallow,flow.Sequence,7_0_0_0_6_1,NA,NA,skipped,NA,3759717.4,NA,NA,3759715.9,3759717.6,2024-05-07T09:21:27Z,3759732.5,NA,NA,NA,NA,NA,NA,NA,NA,NA,NA,NA,NA,NA,NA,NA,NA,NA,NA,NA,NA,Schönheit,kirembo,d,NA,NA,NA,sdf,NA,0
56b99,task,flow.Sequence,7_0_0_0_6,NA,NA,completion,9844,3749856.9,3749855,3749871.9,3759715.9,3759717.7,2024-05-07T09:21:27Z,3759732.5,NA,NA,NA,NA,NA,NA,NA,NA,NA,NA,NA,NA,NA,NA,NA,NA,NA,NA,NA,NA,Schönheit,kirembo,d,NA,NA,NA,sdf,NA,0
56b99,deep,flow.Sequence,7_0_0_0_7_0,NA,NA,skipped,NA,3759717.9,NA,NA,3759715.9,3759718,2024-05-07T09:21:27Z,3759732.5,NA,NA,NA,NA,NA,NA,NA,NA,NA,NA,NA,NA,NA,NA,NA,NA,NA,NA,NA,NA,Auftrag,uagizaji,s,ghanima,kuzingatia,msukani,sdf,NA,0
56b99,Shallow Question,html.Page,7_0_0_0_7_1_0,msukani,NA,form submission,12144.300000072,3759718.1,3759715.9,3759732.5,3771876.8000001,3771877,2024-05-07T09:21:39Z,3771891.7,NA,NA,NA,NA,NA,NA,NA,NA,NA,NA,NA,NA,NA,NA,NA,NA,NA,NA,NA,NA,Auftrag,uagizaji,s,ghanima,kuzingatia,msukani,NA,NA,0
56b99,"""Richtig""-Screen",canvas.Screen,7_0_0_0_7_1_1,NA,NA,skipped,NA,3771880,NA,NA,3771876.8000001,3771880.2,2024-05-07T09:21:39Z,3771891.7,NA,NA,NA,NA,NA,NA,NA,NA,NA,NA,NA,NA,NA,NA,NA,NA,NA,NA,NA,NA,Auftrag,uagizaji,s,ghanima,kuzingatia,msukani,sdf,NA,0
56b99,"""Falsch""-Screen",canvas.Screen,7_0_0_0_7_1_2,NA,NA,timeout,4997,3771880.9,3771875.568,3771891.7,3776872,3776873.3000001,2024-05-07T09:21:44Z,3776888.7,NA,NA,NA,NA,NA,NA,NA,NA,NA,NA,NA,NA,NA,NA,NA,NA,NA,NA,NA,NA,Auftrag,uagizaji,s,ghanima,kuzingatia,msukani,sdf,0,0
56b99,shallow,flow.Sequence,7_0_0_0_7_1,NA,NA,completion,17139.5,3759718.1,3759715.9,3759732.5,3776872,3776873.6,2024-05-07T09:21:44Z,3776888.7,NA,NA,NA,NA,NA,NA,NA,NA,NA,NA,NA,NA,NA,NA,NA,NA,NA,NA,NA,NA,Auftrag,uagizaji,s,ghanima,kuzingatia,msukani,sdf,NA,0
56b99,task,flow.Sequence,7_0_0_0_7,NA,NA,completion,17139.5,3759717.8000001,3759715.9,3759732.5,3776872,3776873.9,2024-05-07T09:21:44Z,3776888.7,NA,NA,NA,NA,NA,NA,NA,NA,NA,NA,NA,NA,NA,NA,NA,NA,NA,NA,NA,NA,Auftrag,uagizaji,s,ghanima,kuzingatia,msukani,sdf,NA,0
56b99,block,flow.Loop,7_0_0_0,NA,NA,completion,95142.1,3681722.9,3681717.7,3681729.9,3776872,3776874.1,2024-05-07T09:21:44Z,3776888.7,NA,NA,NA,NA,NA,NA,NA,NA,NA,NA,NA,NA,NA,NA,NA,NA,NA,NA,NA,NA,NA,NA,NA,NA,NA,NA,sdf,NA,0
56b99,weiter,canvas.Screen,7_0_0_1,sdf,keypress(Space),response,1423.199999976,3776874.2,3776872,3776888.7,3778311.9,3778312.5,2024-05-07T09:21:46Z,3778321.194,NA,NA,NA,NA,NA,NA,NA,NA,NA,NA,NA,NA,NA,NA,NA,NA,NA,NA,NA,NA,NA,NA,NA,NA,NA,NA,sdf,NA,0
56b99,check continue,flow.Sequence,7_0_0,NA,NA,completion,96581.999999976,3681722.9,3681717.7,3681729.9,3778311.9,3778312.7,2024-05-07T09:21:46Z,3778321.194,NA,NA,NA,NA,NA,NA,NA,NA,NA,NA,NA,NA,NA,NA,NA,NA,NA,NA,NA,NA,NA,NA,NA,NA,NA,NA,sdf,NA,0
56b99,deep,flow.Sequence,7_0_1_0_0_0,NA,NA,skipped,NA,3778333.5,NA,NA,3778311.9,3778333.7,2024-05-07T09:21:46Z,3778321.194,NA,NA,NA,NA,NA,NA,NA,NA,NA,NA,NA,NA,NA,NA,NA,NA,NA,NA,NA,NA,Angreifer,mshambulizi,s,kitengo,tasinia,usafirishaji,sdfdsf,NA,1
56b99,Shallow Question,html.Page,7_0_1_0_0_1_0,mshambulizi,NA,form submission,12327.406000024,3778333.7,3778321.194,3778321.194,3790648.6,3790648.8000001,2024-05-07T09:21:58Z,3790663.1,NA,NA,NA,NA,NA,NA,NA,NA,NA,NA,NA,NA,NA,NA,NA,NA,NA,NA,NA,NA,Angreifer,mshambulizi,s,kitengo,tasinia,usafirishaji,NA,NA,1
56b99,"""Richtig""-Screen",canvas.Screen,7_0_1_0_0_1_1,NA,NA,timeout,4997.5,3790651.7,3790647.162,3790663.1,3795643.8,3795644.9,2024-05-07T09:22:03Z,3795660.6,NA,NA,NA,NA,NA,NA,NA,NA,NA,NA,NA,NA,NA,NA,NA,NA,NA,NA,NA,NA,Angreifer,mshambulizi,s,kitengo,tasinia,usafirishaji,sdfdsf,1,1
56b99,"""Falsch""-Screen",canvas.Screen,7_0_1_0_0_1_2,NA,NA,skipped,NA,3795649.7,NA,NA,3795643.8,3795649.9,2024-05-07T09:22:03Z,3795660.6,NA,NA,NA,NA,NA,NA,NA,NA,NA,NA,NA,NA,NA,NA,NA,NA,NA,NA,NA,NA,Angreifer,mshambulizi,s,kitengo,tasinia,usafirishaji,sdfdsf,NA,1
56b99,shallow,flow.Sequence,7_0_1_0_0_1,NA,NA,completion,17322.606,3778333.7,3778321.194,3778321.194,3795643.8,3795650,2024-05-07T09:22:03Z,3795660.6,NA,NA,NA,NA,NA,NA,NA,NA,NA,NA,NA,NA,NA,NA,NA,NA,NA,NA,NA,NA,Angreifer,mshambulizi,s,kitengo,tasinia,usafirishaji,sdfdsf,NA,1
56b99,task,flow.Sequence,7_0_1_0_0,NA,NA,completion,17322.606,3778333.5,3778321.194,3778321.194,3795643.8,3795650.1,2024-05-07T09:22:03Z,3795660.6,NA,NA,NA,NA,NA,NA,NA,NA,NA,NA,NA,NA,NA,NA,NA,NA,NA,NA,NA,NA,Angreifer,mshambulizi,s,kitengo,tasinia,usafirishaji,sdfdsf,NA,1
56b99,Deep Question,html.Page,7_0_1_0_1_0_0,jkl,NA,form submission,7969.7000000714,3795650.1,3795643.8,3795660.6,3803630.3000001,3803630.6,2024-05-07T09:22:11Z,3803638.8,NA,NA,NA,NA,NA,NA,NA,NA,NA,NA,NA,NA,NA,NA,NA,NA,NA,NA,NA,NA,Zufall,kikuti,d,NA,NA,NA,NA,NA,1
56b99,"""Richtig""-Screen",canvas.Screen,7_0_1_0_1_0_1,NA,NA,skipped,NA,3803633.5,NA,NA,3803630.3000001,3803633.5,2024-05-07T09:22:11Z,3803638.8,NA,NA,NA,NA,NA,NA,NA,NA,NA,NA,NA,NA,NA,NA,NA,NA,NA,NA,NA,NA,Zufall,kikuti,d,NA,NA,NA,sdfdsf,NA,1
56b99,"""Falsch""-Screen",canvas.Screen,7_0_1_0_1_0_2,NA,NA,timeout,4997.3000000003,3803634.2,3803622.552,3803638.8,3808619.2,3808619.7,2024-05-07T09:22:16Z,3808636.1,NA,NA,NA,NA,NA,NA,NA,NA,NA,NA,NA,NA,NA,NA,NA,NA,NA,NA,NA,NA,Zufall,kikuti,d,NA,NA,NA,sdfdsf,0,1
56b99,deep,flow.Sequence,7_0_1_0_1_0,NA,NA,completion,12958.6,3795650.1,3795643.8,3795660.6,3808619.2,3808619.8000001,2024-05-07T09:22:16Z,3808636.1,NA,NA,NA,NA,NA,NA,NA,NA,NA,NA,NA,NA,NA,NA,NA,NA,NA,NA,NA,NA,Zufall,kikuti,d,NA,NA,NA,sdfdsf,NA,1
56b99,shallow,flow.Sequence,7_0_1_0_1_1,NA,NA,skipped,NA,3808619.8000001,NA,NA,3808619.2,3808619.8000001,2024-05-07T09:22:16Z,3808636.1,NA,NA,NA,NA,NA,NA,NA,NA,NA,NA,NA,NA,NA,NA,NA,NA,NA,NA,NA,NA,Zufall,kikuti,d,NA,NA,NA,sdfdsf,NA,1
56b99,task,flow.Sequence,7_0_1_0_1,NA,NA,completion,12958.6,3795650.1,3795643.8,3795660.6,3808619.2,3808619.9,2024-05-07T09:22:16Z,3808636.1,NA,NA,NA,NA,NA,NA,NA,NA,NA,NA,NA,NA,NA,NA,NA,NA,NA,NA,NA,NA,Zufall,kikuti,d,NA,NA,NA,sdfdsf,NA,1
56b99,Deep Question,html.Page,7_0_1_0_2_0_0,klgf,NA,form submission,12958.500000024,3808620,3808619.2,3808636.1,3821594.6,3821594.9,2024-05-07T09:22:29Z,3821611.4,NA,NA,NA,NA,NA,NA,NA,NA,NA,NA,NA,NA,NA,NA,NA,NA,NA,NA,NA,NA,Kanzler,diwani,d,NA,NA,NA,NA,NA,1
56b99,"""Richtig""-Screen",canvas.Screen,7_0_1_0_2_0_1,NA,NA,skipped,NA,3821598,NA,NA,3821594.6,3821598.1,2024-05-07T09:22:29Z,3821611.4,NA,NA,NA,NA,NA,NA,NA,NA,NA,NA,NA,NA,NA,NA,NA,NA,NA,NA,NA,NA,Kanzler,diwani,d,NA,NA,NA,sdfdsf,NA,1
56b99,"""Falsch""-Screen",canvas.Screen,7_0_1_0_2_0_2,NA,NA,timeout,4996.8000000003,3821598.8000001,3821595.02,3821611.4,3826591.5,3826592.4,2024-05-07T09:22:34Z,3826608.2,NA,NA,NA,NA,NA,NA,NA,NA,NA,NA,NA,NA,NA,NA,NA,NA,NA,NA,NA,NA,Kanzler,diwani,d,NA,NA,NA,sdfdsf,0,1
56b99,deep,flow.Sequence,7_0_1_0_2_0,NA,NA,completion,17955.4,3808620,3808619.2,3808636.1,3826591.5,3826592.8000001,2024-05-07T09:22:34Z,3826608.2,NA,NA,NA,NA,NA,NA,NA,NA,NA,NA,NA,NA,NA,NA,NA,NA,NA,NA,NA,NA,Kanzler,diwani,d,NA,NA,NA,sdfdsf,NA,1
56b99,shallow,flow.Sequence,7_0_1_0_2_1,NA,NA,skipped,NA,3826593,NA,NA,3826591.5,3826593.1,2024-05-07T09:22:34Z,3826608.2,NA,NA,NA,NA,NA,NA,NA,NA,NA,NA,NA,NA,NA,NA,NA,NA,NA,NA,NA,NA,Kanzler,diwani,d,NA,NA,NA,sdfdsf,NA,1
56b99,task,flow.Sequence,7_0_1_0_2,NA,NA,completion,17955.4,3808619.9,3808619.2,3808636.1,3826591.5,3826593.3000001,2024-05-07T09:22:34Z,3826608.2,NA,NA,NA,NA,NA,NA,NA,NA,NA,NA,NA,NA,NA,NA,NA,NA,NA,NA,NA,NA,Kanzler,diwani,d,NA,NA,NA,sdfdsf,NA,1
56b99,Deep Question,html.Page,7_0_1_0_3_0_0,sd,NA,form submission,7288.699999976,3826593.5,3826591.5,3826608.2,3833896.9,3833897.1,2024-05-07T09:22:41Z,3833903.4,NA,NA,NA,NA,NA,NA,NA,NA,NA,NA,NA,NA,NA,NA,NA,NA,NA,NA,NA,NA,Abrechnung,uhasibu,d,NA,NA,NA,NA,NA,1
56b99,"""Richtig""-Screen",canvas.Screen,7_0_1_0_3_0_1,NA,NA,skipped,NA,3833900.3000001,NA,NA,3833896.9,3833900.4,2024-05-07T09:22:41Z,3833903.4,NA,NA,NA,NA,NA,NA,NA,NA,NA,NA,NA,NA,NA,NA,NA,NA,NA,NA,NA,NA,Abrechnung,uhasibu,d,NA,NA,NA,sdfdsf,NA,1
56b99,"""Falsch""-Screen",canvas.Screen,7_0_1_0_3_0_2,NA,NA,timeout,4997,3833901,3833887.52,3833903.4,3838883.7,3838884.3000001,2024-05-07T09:22:46Z,3838900.4,NA,NA,NA,NA,NA,NA,NA,NA,NA,NA,NA,NA,NA,NA,NA,NA,NA,NA,NA,NA,Abrechnung,uhasibu,d,NA,NA,NA,sdfdsf,0,1
56b99,deep,flow.Sequence,7_0_1_0_3_0,NA,NA,completion,12275.5,3826593.5,3826591.5,3826608.2,3838883.7,3838884.5,2024-05-07T09:22:46Z,3838900.4,NA,NA,NA,NA,NA,NA,NA,NA,NA,NA,NA,NA,NA,NA,NA,NA,NA,NA,NA,NA,Abrechnung,uhasibu,d,NA,NA,NA,sdfdsf,NA,1
56b99,shallow,flow.Sequence,7_0_1_0_3_1,NA,NA,skipped,NA,3838884.6,NA,NA,3838883.7,3838884.7,2024-05-07T09:22:46Z,3838900.4,NA,NA,NA,NA,NA,NA,NA,NA,NA,NA,NA,NA,NA,NA,NA,NA,NA,NA,NA,NA,Abrechnung,uhasibu,d,NA,NA,NA,sdfdsf,NA,1
56b99,task,flow.Sequence,7_0_1_0_3,NA,NA,completion,12275.5,3826593.4,3826591.5,3826608.2,3838883.7,3838884.8000001,2024-05-07T09:22:46Z,3838900.4,NA,NA,NA,NA,NA,NA,NA,NA,NA,NA,NA,NA,NA,NA,NA,NA,NA,NA,NA,NA,Abrechnung,uhasibu,d,NA,NA,NA,sdfdsf,NA,1
56b99,Deep Question,html.Page,7_0_1_0_4_0_0,df,NA,form submission,6684.3000000478,3838884.8000001,3838883.7,3838900.4,3845584.7,3845584.9,2024-05-07T09:22:53Z,3845596.4,NA,NA,NA,NA,NA,NA,NA,NA,NA,NA,NA,NA,NA,NA,NA,NA,NA,NA,NA,NA,Schönheit,kirembo,d,NA,NA,NA,NA,NA,1
56b99,"""Richtig""-Screen",canvas.Screen,7_0_1_0_4_0_1,NA,NA,skipped,NA,3845587.9,NA,NA,3845584.7,3845588,2024-05-07T09:22:53Z,3845596.4,NA,NA,NA,NA,NA,NA,NA,NA,NA,NA,NA,NA,NA,NA,NA,NA,NA,NA,NA,NA,Schönheit,kirembo,d,NA,NA,NA,sdfdsf,NA,1
56b99,"""Falsch""-Screen",canvas.Screen,7_0_1_0_4_0_2,NA,NA,timeout,4996.8000000003,3845590,3845580.628,3845596.4,3850577.2,3850577.6,2024-05-07T09:22:58Z,3850593.2,NA,NA,NA,NA,NA,NA,NA,NA,NA,NA,NA,NA,NA,NA,NA,NA,NA,NA,NA,NA,Schönheit,kirembo,d,NA,NA,NA,sdfdsf,0,1
56b99,deep,flow.Sequence,7_0_1_0_4_0,NA,NA,completion,11676.8,3838884.8000001,3838883.7,3838900.4,3850577.2,3850577.7,2024-05-07T09:22:58Z,3850593.2,NA,NA,NA,NA,NA,NA,NA,NA,NA,NA,NA,NA,NA,NA,NA,NA,NA,NA,NA,NA,Schönheit,kirembo,d,NA,NA,NA,sdfdsf,NA,1
56b99,shallow,flow.Sequence,7_0_1_0_4_1,NA,NA,skipped,NA,3850577.7,NA,NA,3850577.2,3850577.7,2024-05-07T09:22:58Z,3850593.2,NA,NA,NA,NA,NA,NA,NA,NA,NA,NA,NA,NA,NA,NA,NA,NA,NA,NA,NA,NA,Schönheit,kirembo,d,NA,NA,NA,sdfdsf,NA,1
56b99,task,flow.Sequence,7_0_1_0_4,NA,NA,completion,11676.8,3838884.8000001,3838883.7,3838900.4,3850577.2,3850577.8000001,2024-05-07T09:22:58Z,3850593.2,NA,NA,NA,NA,NA,NA,NA,NA,NA,NA,NA,NA,NA,NA,NA,NA,NA,NA,NA,NA,Schönheit,kirembo,d,NA,NA,NA,sdfdsf,NA,1
56b99,deep,flow.Sequence,7_0_1_0_5_0,NA,NA,skipped,NA,3850577.8000001,NA,NA,3850577.2,3850577.8000001,2024-05-07T09:22:58Z,3850593.2,NA,NA,NA,NA,NA,NA,NA,NA,NA,NA,NA,NA,NA,NA,NA,NA,NA,NA,NA,NA,Sänger,mwimbaji,s,msichana,shughuli,mshirika,sdfdsf,NA,1
56b99,Shallow Question,html.Page,7_0_1_0_5_1_0,mwimbaji,NA,form submission,10091.699999976,3850577.9,3850577.2,3850593.2,3860684.9,3860685,2024-05-07T09:23:08Z,3860687.848,NA,NA,NA,NA,NA,NA,NA,NA,NA,NA,NA,NA,NA,NA,NA,NA,NA,NA,NA,NA,Sänger,mwimbaji,s,msichana,shughuli,mshirika,NA,NA,1
56b99,"""Richtig""-Screen",canvas.Screen,7_0_1_0_5_1_1,NA,NA,timeout,4996.6519999998,3860688.1,3860687.848,3860687.848,3865667.7,3865668.6,2024-05-07T09:23:13Z,3865684.5,NA,NA,NA,NA,NA,NA,NA,NA,NA,NA,NA,NA,NA,NA,NA,NA,NA,NA,NA,NA,Sänger,mwimbaji,s,msichana,shughuli,mshirika,sdfdsf,1,1
56b99,"""Falsch""-Screen",canvas.Screen,7_0_1_0_5_1_2,NA,NA,skipped,NA,3865674.1,NA,NA,3865667.7,3865674.2,2024-05-07T09:23:13Z,3865684.5,NA,NA,NA,NA,NA,NA,NA,NA,NA,NA,NA,NA,NA,NA,NA,NA,NA,NA,NA,NA,Sänger,mwimbaji,s,msichana,shughuli,mshirika,sdfdsf,NA,1
56b99,shallow,flow.Sequence,7_0_1_0_5_1,NA,NA,completion,15074.5,3850577.8000001,3850577.2,3850593.2,3865667.7,3865674.2,2024-05-07T09:23:13Z,3865684.5,NA,NA,NA,NA,NA,NA,NA,NA,NA,NA,NA,NA,NA,NA,NA,NA,NA,NA,NA,NA,Sänger,mwimbaji,s,msichana,shughuli,mshirika,sdfdsf,NA,1
56b99,task,flow.Sequence,7_0_1_0_5,NA,NA,completion,15074.5,3850577.8000001,3850577.2,3850593.2,3865667.7,3865674.3000001,2024-05-07T09:23:13Z,3865684.5,NA,NA,NA,NA,NA,NA,NA,NA,NA,NA,NA,NA,NA,NA,NA,NA,NA,NA,NA,NA,Sänger,mwimbaji,s,msichana,shughuli,mshirika,sdfdsf,NA,1
56b99,deep,flow.Sequence,7_0_1_0_6_0,NA,NA,skipped,NA,3865674.3000001,NA,NA,3865667.7,3865674.3000001,2024-05-07T09:23:13Z,3865684.5,NA,NA,NA,NA,NA,NA,NA,NA,NA,NA,NA,NA,NA,NA,NA,NA,NA,NA,NA,NA,Auftrag,uagizaji,s,ghanima,kuzingatia,msukani,sdfdsf,NA,1
56b99,Shallow Question,html.Page,7_0_1_0_6_1_0,uagizaji,NA,form submission,12488.300000072,3865674.4,3865667.7,3865684.5,3878172.8000001,3878173,2024-05-07T09:23:25Z,3878176.4,NA,NA,NA,NA,NA,NA,NA,NA,NA,NA,NA,NA,NA,NA,NA,NA,NA,NA,NA,NA,Auftrag,uagizaji,s,ghanima,kuzingatia,msukani,NA,NA,1
56b99,"""Richtig""-Screen",canvas.Screen,7_0_1_0_6_1_1,NA,NA,timeout,4997,3878175.7,3878160.624,3878176.4,3883156.8,3883157.7,2024-05-07T09:23:30Z,3883173.4,NA,NA,NA,NA,NA,NA,NA,NA,NA,NA,NA,NA,NA,NA,NA,NA,NA,NA,NA,NA,Auftrag,uagizaji,s,ghanima,kuzingatia,msukani,sdfdsf,1,1
56b99,"""Falsch""-Screen",canvas.Screen,7_0_1_0_6_1_2,NA,NA,skipped,NA,3883163.4,NA,NA,3883156.8,3883163.6,2024-05-07T09:23:30Z,3883173.4,NA,NA,NA,NA,NA,NA,NA,NA,NA,NA,NA,NA,NA,NA,NA,NA,NA,NA,NA,NA,Auftrag,uagizaji,s,ghanima,kuzingatia,msukani,sdfdsf,NA,1
56b99,shallow,flow.Sequence,7_0_1_0_6_1,NA,NA,completion,17472.3,3865674.4,3865667.7,3865684.5,3883156.8,3883164,2024-05-07T09:23:30Z,3883173.4,NA,NA,NA,NA,NA,NA,NA,NA,NA,NA,NA,NA,NA,NA,NA,NA,NA,NA,NA,NA,Auftrag,uagizaji,s,ghanima,kuzingatia,msukani,sdfdsf,NA,1
56b99,task,flow.Sequence,7_0_1_0_6,NA,NA,completion,17472.3,3865674.3000001,3865667.7,3865684.5,3883156.8,3883164.2,2024-05-07T09:23:30Z,3883173.4,NA,NA,NA,NA,NA,NA,NA,NA,NA,NA,NA,NA,NA,NA,NA,NA,NA,NA,NA,NA,Auftrag,uagizaji,s,ghanima,kuzingatia,msukani,sdfdsf,NA,1
56b99,deep,flow.Sequence,7_0_1_0_7_0,NA,NA,skipped,NA,3883164.5,NA,NA,3883156.8,3883164.5,2024-05-07T09:23:30Z,3883173.4,NA,NA,NA,NA,NA,NA,NA,NA,NA,NA,NA,NA,NA,NA,NA,NA,NA,NA,NA,NA,Wettbewerb,ushindani,s,mapendezi,kichocheo,ubaguzi,sdfdsf,NA,1
56b99,Shallow Question,html.Page,7_0_1_0_7_1_0,ushindani,NA,form submission,5845.3000000478,3883164.7,3883156.8,3883173.4,3889018.7,3889018.9,2024-05-07T09:23:36Z,3889020.364,NA,NA,NA,NA,NA,NA,NA,NA,NA,NA,NA,NA,NA,NA,NA,NA,NA,NA,NA,NA,Wettbewerb,ushindani,s,mapendezi,kichocheo,ubaguzi,NA,NA,1
56b99,"""Richtig""-Screen",canvas.Screen,7_0_1_0_7_1_1,NA,NA,timeout,4996.9359999998,3889021.8000001,3889020.364,3889020.364,3894000.2,3894001.2,2024-05-07T09:23:41Z,3894017.3,NA,NA,NA,NA,NA,NA,NA,NA,NA,NA,NA,NA,NA,NA,NA,NA,NA,NA,NA,NA,Wettbewerb,ushindani,s,mapendezi,kichocheo,ubaguzi,sdfdsf,1,1
56b99,"""Falsch""-Screen",canvas.Screen,7_0_1_0_7_1_2,NA,NA,skipped,NA,3894006,NA,NA,3894000.2,3894006.1,2024-05-07T09:23:41Z,3894017.3,NA,NA,NA,NA,NA,NA,NA,NA,NA,NA,NA,NA,NA,NA,NA,NA,NA,NA,NA,NA,Wettbewerb,ushindani,s,mapendezi,kichocheo,ubaguzi,sdfdsf,NA,1
56b99,shallow,flow.Sequence,7_0_1_0_7_1,NA,NA,completion,10826.8,3883164.6,3883156.8,3883173.4,3894000.2,3894006.1,2024-05-07T09:23:41Z,3894017.3,NA,NA,NA,NA,NA,NA,NA,NA,NA,NA,NA,NA,NA,NA,NA,NA,NA,NA,NA,NA,Wettbewerb,ushindani,s,mapendezi,kichocheo,ubaguzi,sdfdsf,NA,1
56b99,task,flow.Sequence,7_0_1_0_7,NA,NA,completion,10826.8,3883164.4,3883156.8,3883173.4,3894000.2,3894006.2,2024-05-07T09:23:41Z,3894017.3,NA,NA,NA,NA,NA,NA,NA,NA,NA,NA,NA,NA,NA,NA,NA,NA,NA,NA,NA,NA,Wettbewerb,ushindani,s,mapendezi,kichocheo,ubaguzi,sdfdsf,NA,1
56b99,block,flow.Loop,7_0_1_0,NA,NA,completion,115679.006,3778333.5,3778321.194,3778321.194,3894000.2,3894006.2,2024-05-07T09:23:41Z,3894017.3,NA,NA,NA,NA,NA,NA,NA,NA,NA,NA,NA,NA,NA,NA,NA,NA,NA,NA,NA,NA,NA,NA,NA,NA,NA,NA,sdfdsf,NA,1
56b99,weiter,canvas.Screen,7_0_1_1,sdf,keypress(Space),response,1373.2000000002,3894006.3000001,3894000.2,3894017.3,3895390.5,3895391.4,2024-05-07T09:23:43Z,3895417.244,NA,NA,NA,NA,NA,NA,NA,NA,NA,NA,NA,NA,NA,NA,NA,NA,NA,NA,NA,NA,NA,NA,NA,NA,NA,NA,sdfdsf,NA,1
56b99,check continue,flow.Sequence,7_0_1,NA,NA,completion,117069.306,3778333.5,3778321.194,3778321.194,3895390.5,3895391.7,2024-05-07T09:23:43Z,3895417.244,NA,NA,NA,NA,NA,NA,NA,NA,NA,NA,NA,NA,NA,NA,NA,NA,NA,NA,NA,NA,NA,NA,NA,NA,NA,NA,sdfdsf,NA,1
56b99,Deep Question,html.Page,7_0_2_0_0_0_0,uhasibu,NA,form submission,15865.556000072,3895423,3895417.244,3895417.244,3911282.8000001,3911283,2024-05-07T09:23:58Z,3911289.5,NA,NA,NA,NA,NA,NA,NA,NA,NA,NA,NA,NA,NA,NA,NA,NA,NA,NA,NA,NA,Abrechnung,uhasibu,d,NA,NA,NA,NA,NA,2
56b99,"""Richtig""-Screen",canvas.Screen,7_0_2_0_0_0_1,NA,NA,timeout,4997.5,3911286,3911273.592,3911289.5,3916270.1,3916271,2024-05-07T09:24:03Z,3916287,NA,NA,NA,NA,NA,NA,NA,NA,NA,NA,NA,NA,NA,NA,NA,NA,NA,NA,NA,NA,Abrechnung,uhasibu,d,NA,NA,NA,sdf,1,2
56b99,"""Falsch""-Screen",canvas.Screen,7_0_2_0_0_0_2,NA,NA,skipped,NA,3916276.6,NA,NA,3916270.1,3916276.7,2024-05-07T09:24:03Z,3916287,NA,NA,NA,NA,NA,NA,NA,NA,NA,NA,NA,NA,NA,NA,NA,NA,NA,NA,NA,NA,Abrechnung,uhasibu,d,NA,NA,NA,sdf,NA,2
56b99,deep,flow.Sequence,7_0_2_0_0_0,NA,NA,completion,20852.856,3895422.9,3895417.244,3895417.244,3916270.1,3916276.8000001,2024-05-07T09:24:03Z,3916287,NA,NA,NA,NA,NA,NA,NA,NA,NA,NA,NA,NA,NA,NA,NA,NA,NA,NA,NA,NA,Abrechnung,uhasibu,d,NA,NA,NA,sdf,NA,2
56b99,shallow,flow.Sequence,7_0_2_0_0_1,NA,NA,skipped,NA,3916276.8000001,NA,NA,3916270.1,3916276.9,2024-05-07T09:24:03Z,3916287,NA,NA,NA,NA,NA,NA,NA,NA,NA,NA,NA,NA,NA,NA,NA,NA,NA,NA,NA,NA,Abrechnung,uhasibu,d,NA,NA,NA,sdf,NA,2
56b99,task,flow.Sequence,7_0_2_0_0,NA,NA,completion,20852.856,3895422.9,3895417.244,3895417.244,3916270.1,3916276.9,2024-05-07T09:24:03Z,3916287,NA,NA,NA,NA,NA,NA,NA,NA,NA,NA,NA,NA,NA,NA,NA,NA,NA,NA,NA,NA,Abrechnung,uhasibu,d,NA,NA,NA,sdf,NA,2
56b99,deep,flow.Sequence,7_0_2_0_1_0,NA,NA,skipped,NA,3916277,NA,NA,3916270.1,3916277,2024-05-07T09:24:03Z,3916287,NA,NA,NA,NA,NA,NA,NA,NA,NA,NA,NA,NA,NA,NA,NA,NA,NA,NA,NA,NA,Sänger,mwimbaji,s,msichana,shughuli,mshirika,sdf,NA,2
56b99,Shallow Question,html.Page,7_0_2_0_1_1_0,mwimbaji,NA,form submission,8601.5,3916277,3916270.1,3916287,3924888.5,3924888.8000001,2024-05-07T09:24:12Z,3924897.9,NA,NA,NA,NA,NA,NA,NA,NA,NA,NA,NA,NA,NA,NA,NA,NA,NA,NA,NA,NA,Sänger,mwimbaji,s,msichana,shughuli,mshirika,NA,NA,2
56b99,"""Richtig""-Screen",canvas.Screen,7_0_2_0_1_1_1,NA,NA,timeout,4997.3999999999,3924891.7,3924881.4,3924897.9,3929878.3,3929879.3000001,2024-05-07T09:24:17Z,3929895.3,NA,NA,NA,NA,NA,NA,NA,NA,NA,NA,NA,NA,NA,NA,NA,NA,NA,NA,NA,NA,Sänger,mwimbaji,s,msichana,shughuli,mshirika,sdf,1,2
56b99,"""Falsch""-Screen",canvas.Screen,7_0_2_0_1_1_2,NA,NA,skipped,NA,3929884.1,NA,NA,3929878.3,3929884.4,2024-05-07T09:24:17Z,3929895.3,NA,NA,NA,NA,NA,NA,NA,NA,NA,NA,NA,NA,NA,NA,NA,NA,NA,NA,NA,NA,Sänger,mwimbaji,s,msichana,shughuli,mshirika,sdf,NA,2
56b99,shallow,flow.Sequence,7_0_2_0_1_1,NA,NA,completion,13591.3,3916277,3916270.1,3916287,3929878.3,3929884.5,2024-05-07T09:24:17Z,3929895.3,NA,NA,NA,NA,NA,NA,NA,NA,NA,NA,NA,NA,NA,NA,NA,NA,NA,NA,NA,NA,Sänger,mwimbaji,s,msichana,shughuli,mshirika,sdf,NA,2
56b99,task,flow.Sequence,7_0_2_0_1,NA,NA,completion,13591.3,3916276.9,3916270.1,3916287,3929878.3,3929884.5,2024-05-07T09:24:17Z,3929895.3,NA,NA,NA,NA,NA,NA,NA,NA,NA,NA,NA,NA,NA,NA,NA,NA,NA,NA,NA,NA,Sänger,mwimbaji,s,msichana,shughuli,mshirika,sdf,NA,2
56b99,deep,flow.Sequence,7_0_2_0_2_0,NA,NA,skipped,NA,3929884.6,NA,NA,3929878.3,3929884.6,2024-05-07T09:24:17Z,3929895.3,NA,NA,NA,NA,NA,NA,NA,NA,NA,NA,NA,NA,NA,NA,NA,NA,NA,NA,NA,NA,Wettbewerb,ushindani,s,mapendezi,kichocheo,ubaguzi,sdf,NA,2
56b99,Shallow Question,html.Page,7_0_2_0_2_1_0,ushindani,NA,form submission,3930.9000000479,3929884.7,3929878.3,3929895.3,3933826.2,3933826.5,2024-05-07T09:24:21Z,3933842.9,NA,NA,NA,NA,NA,NA,NA,NA,NA,NA,NA,NA,NA,NA,NA,NA,NA,NA,NA,NA,Wettbewerb,ushindani,s,mapendezi,kichocheo,ubaguzi,NA,NA,2
56b99,"""Richtig""-Screen",canvas.Screen,7_0_2_0_2_1_1,NA,NA,timeout,4996.6000000001,3933829.2,3933826.586,3933842.9,3938823,3938823.9,2024-05-07T09:24:26Z,3938839.5,NA,NA,NA,NA,NA,NA,NA,NA,NA,NA,NA,NA,NA,NA,NA,NA,NA,NA,NA,NA,Wettbewerb,ushindani,s,mapendezi,kichocheo,ubaguzi,sdf,1,2
56b99,"""Falsch""-Screen",canvas.Screen,7_0_2_0_2_1_2,NA,NA,skipped,NA,3938829.1,NA,NA,3938823,3938829.3000001,2024-05-07T09:24:26Z,3938839.5,NA,NA,NA,NA,NA,NA,NA,NA,NA,NA,NA,NA,NA,NA,NA,NA,NA,NA,NA,NA,Wettbewerb,ushindani,s,mapendezi,kichocheo,ubaguzi,sdf,NA,2
56b99,shallow,flow.Sequence,7_0_2_0_2_1,NA,NA,completion,8927.7000000002,3929884.7,3929878.3,3929895.3,3938823,3938829.5,2024-05-07T09:24:26Z,3938839.5,NA,NA,NA,NA,NA,NA,NA,NA,NA,NA,NA,NA,NA,NA,NA,NA,NA,NA,NA,NA,Wettbewerb,ushindani,s,mapendezi,kichocheo,ubaguzi,sdf,NA,2
56b99,task,flow.Sequence,7_0_2_0_2,NA,NA,completion,8927.7000000002,3929884.6,3929878.3,3929895.3,3938823,3938829.6,2024-05-07T09:24:26Z,3938839.5,NA,NA,NA,NA,NA,NA,NA,NA,NA,NA,NA,NA,NA,NA,NA,NA,NA,NA,NA,NA,Wettbewerb,ushindani,s,mapendezi,kichocheo,ubaguzi,sdf,NA,2
56b99,Deep Question,html.Page,7_0_2_0_3_0_0,kirembo,NA,form submission,14925.700000048,3938829.8000001,3938823,3938839.5,3953765.2,3953765.4,2024-05-07T09:24:41Z,3953780.8,NA,NA,NA,NA,NA,NA,NA,NA,NA,NA,NA,NA,NA,NA,NA,NA,NA,NA,NA,NA,Schönheit,kirembo,d,NA,NA,NA,NA,NA,2
56b99,"""Richtig""-Screen",canvas.Screen,7_0_2_0_3_0_1,NA,NA,timeout,4997,3953768.3000001,3953763.83,3953780.8,3958761,3958761.9,2024-05-07T09:24:46Z,3958777.8,NA,NA,NA,NA,NA,NA,NA,NA,NA,NA,NA,NA,NA,NA,NA,NA,NA,NA,NA,NA,Schönheit,kirembo,d,NA,NA,NA,sdf,1,2
56b99,"""Falsch""-Screen",canvas.Screen,7_0_2_0_3_0_2,NA,NA,skipped,NA,3958767.2,NA,NA,3958761,3958767.3000001,2024-05-07T09:24:46Z,3958777.8,NA,NA,NA,NA,NA,NA,NA,NA,NA,NA,NA,NA,NA,NA,NA,NA,NA,NA,NA,NA,Schönheit,kirembo,d,NA,NA,NA,sdf,NA,2
56b99,deep,flow.Sequence,7_0_2_0_3_0,NA,NA,completion,19921.5,3938829.8000001,3938823,3938839.5,3958761,3958767.3000001,2024-05-07T09:24:46Z,3958777.8,NA,NA,NA,NA,NA,NA,NA,NA,NA,NA,NA,NA,NA,NA,NA,NA,NA,NA,NA,NA,Schönheit,kirembo,d,NA,NA,NA,sdf,NA,2
56b99,shallow,flow.Sequence,7_0_2_0_3_1,NA,NA,skipped,NA,3958767.4,NA,NA,3958761,3958767.4,2024-05-07T09:24:46Z,3958777.8,NA,NA,NA,NA,NA,NA,NA,NA,NA,NA,NA,NA,NA,NA,NA,NA,NA,NA,NA,NA,Schönheit,kirembo,d,NA,NA,NA,sdf,NA,2
56b99,task,flow.Sequence,7_0_2_0_3,NA,NA,completion,19921.5,3938829.8000001,3938823,3938839.5,3958761,3958767.5,2024-05-07T09:24:46Z,3958777.8,NA,NA,NA,NA,NA,NA,NA,NA,NA,NA,NA,NA,NA,NA,NA,NA,NA,NA,NA,NA,Schönheit,kirembo,d,NA,NA,NA,sdf,NA,2
56b99,deep,flow.Sequence,7_0_2_0_4_0,NA,NA,skipped,NA,3958767.5,NA,NA,3958761,3958767.5,2024-05-07T09:24:46Z,3958777.8,NA,NA,NA,NA,NA,NA,NA,NA,NA,NA,NA,NA,NA,NA,NA,NA,NA,NA,NA,NA,Auftrag,uagizaji,s,ghanima,kuzingatia,msukani,sdf,NA,2
56b99,Shallow Question,html.Page,7_0_2_0_4_1_0,uagizaji,NA,form submission,14284.7,3958767.5,3958761,3958777.8,3973062.5,3973062.7,2024-05-07T09:25:00Z,3973068.5,NA,NA,NA,NA,NA,NA,NA,NA,NA,NA,NA,NA,NA,NA,NA,NA,NA,NA,NA,NA,Auftrag,uagizaji,s,ghanima,kuzingatia,msukani,NA,NA,2
56b99,"""Richtig""-Screen",canvas.Screen,7_0_2_0_4_1_1,NA,NA,timeout,4997.6000000001,3973065.6,3973052.56,3973068.5,3978048.9,3978049.9,2024-05-07T09:25:05Z,3978066.1,NA,NA,NA,NA,NA,NA,NA,NA,NA,NA,NA,NA,NA,NA,NA,NA,NA,NA,NA,NA,Auftrag,uagizaji,s,ghanima,kuzingatia,msukani,sdf,1,2
56b99,"""Falsch""-Screen",canvas.Screen,7_0_2_0_4_1_2,NA,NA,skipped,NA,3978055,NA,NA,3978048.9,3978055.1,2024-05-07T09:25:05Z,3978066.1,NA,NA,NA,NA,NA,NA,NA,NA,NA,NA,NA,NA,NA,NA,NA,NA,NA,NA,NA,NA,Auftrag,uagizaji,s,ghanima,kuzingatia,msukani,sdf,NA,2
56b99,shallow,flow.Sequence,7_0_2_0_4_1,NA,NA,completion,19271.1,3958767.5,3958761,3958777.8,3978048.9,3978055.2,2024-05-07T09:25:05Z,3978066.1,NA,NA,NA,NA,NA,NA,NA,NA,NA,NA,NA,NA,NA,NA,NA,NA,NA,NA,NA,NA,Auftrag,uagizaji,s,ghanima,kuzingatia,msukani,sdf,NA,2
56b99,task,flow.Sequence,7_0_2_0_4,NA,NA,completion,19271.1,3958767.5,3958761,3958777.8,3978048.9,3978055.2,2024-05-07T09:25:05Z,3978066.1,NA,NA,NA,NA,NA,NA,NA,NA,NA,NA,NA,NA,NA,NA,NA,NA,NA,NA,NA,NA,Auftrag,uagizaji,s,ghanima,kuzingatia,msukani,sdf,NA,2
56b99,deep,flow.Sequence,7_0_2_0_5_0,NA,NA,skipped,NA,3978055.3000001,NA,NA,3978048.9,3978055.3000001,2024-05-07T09:25:05Z,3978066.1,NA,NA,NA,NA,NA,NA,NA,NA,NA,NA,NA,NA,NA,NA,NA,NA,NA,NA,NA,NA,Angreifer,mshambulizi,s,kitengo,tasinia,usafirishaji,sdf,NA,2
56b99,Shallow Question,html.Page,7_0_2_0_5_1_0,mshambulizi,NA,form submission,11508.4,3978055.3000001,3978048.9,3978066.1,3989574.5,3989574.7,2024-05-07T09:25:17Z,3989575.596,NA,NA,NA,NA,NA,NA,NA,NA,NA,NA,NA,NA,NA,NA,NA,NA,NA,NA,NA,NA,Angreifer,mshambulizi,s,kitengo,tasinia,usafirishaji,NA,NA,2
56b99,"""Richtig""-Screen",canvas.Screen,7_0_2_0_5_1_1,NA,NA,timeout,4997.0040000002,3989577.9,3989575.596,3989575.596,3994555.5,3994556.4,2024-05-07T09:25:22Z,3994572.6,NA,NA,NA,NA,NA,NA,NA,NA,NA,NA,NA,NA,NA,NA,NA,NA,NA,NA,NA,NA,Angreifer,mshambulizi,s,kitengo,tasinia,usafirishaji,sdf,1,2
56b99,"""Falsch""-Screen",canvas.Screen,7_0_2_0_5_1_2,NA,NA,skipped,NA,3994558.5,NA,NA,3994555.5,3994558.5,2024-05-07T09:25:22Z,3994572.6,NA,NA,NA,NA,NA,NA,NA,NA,NA,NA,NA,NA,NA,NA,NA,NA,NA,NA,NA,NA,Angreifer,mshambulizi,s,kitengo,tasinia,usafirishaji,sdf,NA,2
56b99,shallow,flow.Sequence,7_0_2_0_5_1,NA,NA,completion,16489.4,3978055.3000001,3978048.9,3978066.1,3994555.5,3994558.6,2024-05-07T09:25:22Z,3994572.6,NA,NA,NA,NA,NA,NA,NA,NA,NA,NA,NA,NA,NA,NA,NA,NA,NA,NA,NA,NA,Angreifer,mshambulizi,s,kitengo,tasinia,usafirishaji,sdf,NA,2
56b99,task,flow.Sequence,7_0_2_0_5,NA,NA,completion,16489.4,3978055.2,3978048.9,3978066.1,3994555.5,3994558.6,2024-05-07T09:25:22Z,3994572.6,NA,NA,NA,NA,NA,NA,NA,NA,NA,NA,NA,NA,NA,NA,NA,NA,NA,NA,NA,NA,Angreifer,mshambulizi,s,kitengo,tasinia,usafirishaji,sdf,NA,2
56b99,Deep Question,html.Page,7_0_2_0_6_0_0,kikuti,NA,form submission,9006.3999999999,3994558.6,3994555.5,3994572.6,4003579,4003579.2,2024-05-07T09:25:31Z,4003583.3,NA,NA,NA,NA,NA,NA,NA,NA,NA,NA,NA,NA,NA,NA,NA,NA,NA,NA,NA,NA,Zufall,kikuti,d,NA,NA,NA,NA,NA,2
56b99,"""Richtig""-Screen",canvas.Screen,7_0_2_0_6_0_1,NA,NA,timeout,4997.3000000003,4003582.2,4003567.32,4003583.3,4008563.6,4008564.6,2024-05-07T09:25:36Z,4008580.6,NA,NA,NA,NA,NA,NA,NA,NA,NA,NA,NA,NA,NA,NA,NA,NA,NA,NA,NA,NA,Zufall,kikuti,d,NA,NA,NA,sdf,1,2
56b99,"""Falsch""-Screen",canvas.Screen,7_0_2_0_6_0_2,NA,NA,skipped,NA,4008569.6,NA,NA,4008563.6,4008569.7,2024-05-07T09:25:36Z,4008580.6,NA,NA,NA,NA,NA,NA,NA,NA,NA,NA,NA,NA,NA,NA,NA,NA,NA,NA,NA,NA,Zufall,kikuti,d,NA,NA,NA,sdf,NA,2
56b99,deep,flow.Sequence,7_0_2_0_6_0,NA,NA,completion,13991,3994558.6,3994555.5,3994572.6,4008563.6,4008569.9,2024-05-07T09:25:36Z,4008580.6,NA,NA,NA,NA,NA,NA,NA,NA,NA,NA,NA,NA,NA,NA,NA,NA,NA,NA,NA,NA,Zufall,kikuti,d,NA,NA,NA,sdf,NA,2
56b99,shallow,flow.Sequence,7_0_2_0_6_1,NA,NA,skipped,NA,4008569.9,NA,NA,4008563.6,4008569.9,2024-05-07T09:25:36Z,4008580.6,NA,NA,NA,NA,NA,NA,NA,NA,NA,NA,NA,NA,NA,NA,NA,NA,NA,NA,NA,NA,Zufall,kikuti,d,NA,NA,NA,sdf,NA,2
56b99,task,flow.Sequence,7_0_2_0_6,NA,NA,completion,13991,3994558.6,3994555.5,3994572.6,4008563.6,4008570,2024-05-07T09:25:36Z,4008580.6,NA,NA,NA,NA,NA,NA,NA,NA,NA,NA,NA,NA,NA,NA,NA,NA,NA,NA,NA,NA,Zufall,kikuti,d,NA,NA,NA,sdf,NA,2
56b99,Deep Question,html.Page,7_0_2_0_7_0_0,diwani,NA,form submission,16406.200000071,4008570,4008563.6,4008580.6,4024986.8000001,4024987.2,2024-05-07T09:25:52Z,4025004.1,NA,NA,NA,NA,NA,NA,NA,NA,NA,NA,NA,NA,NA,NA,NA,NA,NA,NA,NA,NA,Kanzler,diwani,d,NA,NA,NA,NA,NA,2
56b99,"""Richtig""-Screen",canvas.Screen,7_0_2_0_7_0_1,NA,NA,timeout,4996.2999999998,4024990.1,4024987.484,4025004.1,4029984.4,4029985.4,2024-05-07T09:25:57Z,4030000.4,NA,NA,NA,NA,NA,NA,NA,NA,NA,NA,NA,NA,NA,NA,NA,NA,NA,NA,NA,NA,Kanzler,diwani,d,NA,NA,NA,sdf,1,2
56b99,"""Falsch""-Screen",canvas.Screen,7_0_2_0_7_0_2,NA,NA,skipped,NA,4029990.6,NA,NA,4029984.4,4029990.7,2024-05-07T09:25:57Z,4030000.4,NA,NA,NA,NA,NA,NA,NA,NA,NA,NA,NA,NA,NA,NA,NA,NA,NA,NA,NA,NA,Kanzler,diwani,d,NA,NA,NA,sdf,NA,2
56b99,deep,flow.Sequence,7_0_2_0_7_0,NA,NA,completion,21403.8,4008570,4008563.6,4008580.6,4029984.4,4029990.8000001,2024-05-07T09:25:57Z,4030000.4,NA,NA,NA,NA,NA,NA,NA,NA,NA,NA,NA,NA,NA,NA,NA,NA,NA,NA,NA,NA,Kanzler,diwani,d,NA,NA,NA,sdf,NA,2
56b99,shallow,flow.Sequence,7_0_2_0_7_1,NA,NA,skipped,NA,4029990.8000001,NA,NA,4029984.4,4029990.9,2024-05-07T09:25:57Z,4030000.4,NA,NA,NA,NA,NA,NA,NA,NA,NA,NA,NA,NA,NA,NA,NA,NA,NA,NA,NA,NA,Kanzler,diwani,d,NA,NA,NA,sdf,NA,2
56b99,task,flow.Sequence,7_0_2_0_7,NA,NA,completion,21403.8,4008570,4008563.6,4008580.6,4029984.4,4029990.9,2024-05-07T09:25:57Z,4030000.4,NA,NA,NA,NA,NA,NA,NA,NA,NA,NA,NA,NA,NA,NA,NA,NA,NA,NA,NA,NA,Kanzler,diwani,d,NA,NA,NA,sdf,NA,2
56b99,block,flow.Loop,7_0_2_0,NA,NA,completion,134567.156,3895422.9,3895417.244,3895417.244,4029984.4,4029990.9,2024-05-07T09:25:57Z,4030000.4,NA,NA,NA,NA,NA,NA,NA,NA,NA,NA,NA,NA,NA,NA,NA,NA,NA,NA,NA,NA,NA,NA,NA,NA,NA,NA,sdf,NA,2
56b99,weiter,canvas.Screen,7_0_2_1,sdf,keypress(Space),response,1309.8000000478,4029990.9,4029984.4,4030000.4,4031310.2,4031311.1,2024-05-07T09:25:59Z,4031617.002,NA,NA,NA,NA,NA,NA,NA,NA,NA,NA,NA,NA,NA,NA,NA,NA,NA,NA,NA,NA,NA,NA,NA,NA,NA,NA,sdf,NA,2
56b99,check continue,flow.Sequence,7_0_2,NA,NA,completion,135892.95600005,3895422.9,3895417.244,3895417.244,4031310.2,4031311.5,2024-05-07T09:25:59Z,4031617.002,NA,NA,NA,NA,NA,NA,NA,NA,NA,NA,NA,NA,NA,NA,NA,NA,NA,NA,NA,NA,NA,NA,NA,NA,NA,NA,sdf,NA,2
56b99,check continue,flow.Sequence,7_0_3,NA,NA,skipped,NA,4031328.1,NA,NA,4031310.2,4031328.2,2024-05-07T09:25:59Z,4031617.002,NA,NA,NA,NA,NA,NA,NA,NA,NA,NA,NA,NA,NA,NA,NA,NA,NA,NA,NA,NA,NA,NA,NA,NA,NA,NA,qt,NA,3
56b99,check continue,flow.Sequence,7_0_4,NA,NA,skipped,NA,4031341.5,NA,NA,4031310.2,4031341.6,2024-05-07T09:25:59Z,4031617.002,NA,NA,NA,NA,NA,NA,NA,NA,NA,NA,NA,NA,NA,NA,NA,NA,NA,NA,NA,NA,NA,NA,NA,NA,NA,NA,sd,NA,4
56b99,check continue,flow.Sequence,7_0_5,NA,NA,skipped,NA,4031354.7,NA,NA,4031310.2,4031354.7,2024-05-07T09:25:59Z,4031617.002,NA,NA,NA,NA,NA,NA,NA,NA,NA,NA,NA,NA,NA,NA,NA,NA,NA,NA,NA,NA,NA,NA,NA,NA,NA,NA,sdf,NA,5
56b99,check continue,flow.Sequence,7_0_6,NA,NA,skipped,NA,4031367.2,NA,NA,4031310.2,4031367.2,2024-05-07T09:25:59Z,4031617.002,NA,NA,NA,NA,NA,NA,NA,NA,NA,NA,NA,NA,NA,NA,NA,NA,NA,NA,NA,NA,NA,NA,NA,NA,NA,NA,dfs,NA,6
56b99,check continue,flow.Sequence,7_0_7,NA,NA,skipped,NA,4031378.6,NA,NA,4031310.2,4031378.6,2024-05-07T09:25:59Z,4031617.002,NA,NA,NA,NA,NA,NA,NA,NA,NA,NA,NA,NA,NA,NA,NA,NA,NA,NA,NA,NA,NA,NA,NA,NA,NA,NA,df,NA,7
56b99,check continue,flow.Sequence,7_0_8,NA,NA,skipped,NA,4031389.3000001,NA,NA,4031310.2,4031389.4,2024-05-07T09:25:59Z,4031617.002,NA,NA,NA,NA,NA,NA,NA,NA,NA,NA,NA,NA,NA,NA,NA,NA,NA,NA,NA,NA,NA,NA,NA,NA,NA,NA,dfs,NA,8
56b99,check continue,flow.Sequence,7_0_9,NA,NA,skipped,NA,4031400.7,NA,NA,4031310.2,4031400.7,2024-05-07T09:25:59Z,4031617.002,NA,NA,NA,NA,NA,NA,NA,NA,NA,NA,NA,NA,NA,NA,NA,NA,NA,NA,NA,NA,NA,NA,NA,NA,NA,NA,dsf,NA,9
56b99,check continue,flow.Sequence,7_0_10,NA,NA,skipped,NA,4031412.7,NA,NA,4031310.2,4031412.7,2024-05-07T09:25:59Z,4031617.002,NA,NA,NA,NA,NA,NA,NA,NA,NA,NA,NA,NA,NA,NA,NA,NA,NA,NA,NA,NA,NA,NA,NA,NA,NA,NA,df,NA,10
56b99,check continue,flow.Sequence,7_0_11,NA,NA,skipped,NA,4031424.4,NA,NA,4031310.2,4031424.5,2024-05-07T09:25:59Z,4031617.002,NA,NA,NA,NA,NA,NA,NA,NA,NA,NA,NA,NA,NA,NA,NA,NA,NA,NA,NA,NA,NA,NA,NA,NA,NA,NA,dfs,NA,11
56b99,check continue,flow.Sequence,7_0_12,NA,NA,skipped,NA,4031435.2,NA,NA,4031310.2,4031435.2,2024-05-07T09:25:59Z,4031617.002,NA,NA,NA,NA,NA,NA,NA,NA,NA,NA,NA,NA,NA,NA,NA,NA,NA,NA,NA,NA,NA,NA,NA,NA,NA,NA,dsf,NA,12
56b99,check continue,flow.Sequence,7_0_13,NA,NA,skipped,NA,4031446.7,NA,NA,4031310.2,4031446.7,2024-05-07T09:25:59Z,4031617.002,NA,NA,NA,NA,NA,NA,NA,NA,NA,NA,NA,NA,NA,NA,NA,NA,NA,NA,NA,NA,NA,NA,NA,NA,NA,NA,dsf,NA,13
56b99,check continue,flow.Sequence,7_0_14,NA,NA,skipped,NA,4031457.4,NA,NA,4031310.2,4031457.6,2024-05-07T09:25:59Z,4031617.002,NA,NA,NA,NA,NA,NA,NA,NA,NA,NA,NA,NA,NA,NA,NA,NA,NA,NA,NA,NA,NA,NA,NA,NA,NA,NA,NA,NA,14
56b99,check continue,flow.Sequence,7_0_15,NA,NA,skipped,NA,4031468.3000001,NA,NA,4031310.2,4031468.3000001,2024-05-07T09:25:59Z,4031617.002,NA,NA,NA,NA,NA,NA,NA,NA,NA,NA,NA,NA,NA,NA,NA,NA,NA,NA,NA,NA,NA,NA,NA,NA,NA,NA,NA,NA,15
56b99,check continue,flow.Sequence,7_0_16,NA,NA,skipped,NA,4031479.2,NA,NA,4031310.2,4031479.2,2024-05-07T09:25:59Z,4031617.002,NA,NA,NA,NA,NA,NA,NA,NA,NA,NA,NA,NA,NA,NA,NA,NA,NA,NA,NA,NA,NA,NA,NA,NA,NA,NA,NA,NA,16
56b99,check continue,flow.Sequence,7_0_17,NA,NA,skipped,NA,4031488.9,NA,NA,4031310.2,4031489,2024-05-07T09:25:59Z,4031617.002,NA,NA,NA,NA,NA,NA,NA,NA,NA,NA,NA,NA,NA,NA,NA,NA,NA,NA,NA,NA,NA,NA,NA,NA,NA,NA,NA,NA,17
56b99,check continue,flow.Sequence,7_0_18,NA,NA,skipped,NA,4031500.3000001,NA,NA,4031310.2,4031500.3000001,2024-05-07T09:25:59Z,4031617.002,NA,NA,NA,NA,NA,NA,NA,NA,NA,NA,NA,NA,NA,NA,NA,NA,NA,NA,NA,NA,NA,NA,NA,NA,NA,NA,NA,NA,18
56b99,check continue,flow.Sequence,7_0_19,NA,NA,skipped,NA,4031511.1,NA,NA,4031310.2,4031511.1,2024-05-07T09:25:59Z,4031617.002,NA,NA,NA,NA,NA,NA,NA,NA,NA,NA,NA,NA,NA,NA,NA,NA,NA,NA,NA,NA,NA,NA,NA,NA,NA,NA,NA,NA,19
56b99,check continue,flow.Sequence,7_0_20,NA,NA,skipped,NA,4031522.3000001,NA,NA,4031310.2,4031522.3000001,2024-05-07T09:25:59Z,4031617.002,NA,NA,NA,NA,NA,NA,NA,NA,NA,NA,NA,NA,NA,NA,NA,NA,NA,NA,NA,NA,NA,NA,NA,NA,NA,NA,NA,NA,20
56b99,check continue,flow.Sequence,7_0_21,NA,NA,skipped,NA,4031533.8000001,NA,NA,4031310.2,4031533.9,2024-05-07T09:25:59Z,4031617.002,NA,NA,NA,NA,NA,NA,NA,NA,NA,NA,NA,NA,NA,NA,NA,NA,NA,NA,NA,NA,NA,NA,NA,NA,NA,NA,NA,NA,21
56b99,check continue,flow.Sequence,7_0_22,NA,NA,skipped,NA,4031543.5,NA,NA,4031310.2,4031543.6,2024-05-07T09:25:59Z,4031617.002,NA,NA,NA,NA,NA,NA,NA,NA,NA,NA,NA,NA,NA,NA,NA,NA,NA,NA,NA,NA,NA,NA,NA,NA,NA,NA,NA,NA,22
56b99,check continue,flow.Sequence,7_0_23,NA,NA,skipped,NA,4031555.4,NA,NA,4031310.2,4031555.5,2024-05-07T09:25:59Z,4031617.002,NA,NA,NA,NA,NA,NA,NA,NA,NA,NA,NA,NA,NA,NA,NA,NA,NA,NA,NA,NA,NA,NA,NA,NA,NA,NA,NA,NA,23
56b99,check continue,flow.Sequence,7_0_24,NA,NA,skipped,NA,4031565.6,NA,NA,4031310.2,4031565.6,2024-05-07T09:25:59Z,4031617.002,NA,NA,NA,NA,NA,NA,NA,NA,NA,NA,NA,NA,NA,NA,NA,NA,NA,NA,NA,NA,NA,NA,NA,NA,NA,NA,NA,NA,24
56b99,check continue,flow.Sequence,7_0_25,NA,NA,skipped,NA,4031576.8000001,NA,NA,4031310.2,4031576.8000001,2024-05-07T09:25:59Z,4031617.002,NA,NA,NA,NA,NA,NA,NA,NA,NA,NA,NA,NA,NA,NA,NA,NA,NA,NA,NA,NA,NA,NA,NA,NA,NA,NA,NA,NA,25
56b99,check continue,flow.Sequence,7_0_26,NA,NA,skipped,NA,4031586.7,NA,NA,4031310.2,4031586.7,2024-05-07T09:25:59Z,4031617.002,NA,NA,NA,NA,NA,NA,NA,NA,NA,NA,NA,NA,NA,NA,NA,NA,NA,NA,NA,NA,NA,NA,NA,NA,NA,NA,NA,NA,26
56b99,check continue,flow.Sequence,7_0_27,NA,NA,skipped,NA,4031597.8000001,NA,NA,4031310.2,4031597.8000001,2024-05-07T09:25:59Z,4031617.002,NA,NA,NA,NA,NA,NA,NA,NA,NA,NA,NA,NA,NA,NA,NA,NA,NA,NA,NA,NA,NA,NA,NA,NA,NA,NA,NA,NA,27
56b99,check continue,flow.Sequence,7_0_28,NA,NA,skipped,NA,4031608.3000001,NA,NA,4031310.2,4031608.3000001,2024-05-07T09:25:59Z,4031617.002,NA,NA,NA,NA,NA,NA,NA,NA,NA,NA,NA,NA,NA,NA,NA,NA,NA,NA,NA,NA,NA,NA,NA,NA,NA,NA,NA,NA,28
56b99,check continue,flow.Sequence,7_0_29,NA,NA,skipped,NA,4031621.3000001,NA,NA,4031310.2,4031621.4,2024-05-07T09:25:59Z,4031617.002,NA,NA,NA,NA,NA,NA,NA,NA,NA,NA,NA,NA,NA,NA,NA,NA,NA,NA,NA,NA,NA,NA,NA,NA,NA,NA,NA,NA,29
56b99,until continue,flow.Loop,7_0,NA,NA,completion,349580.30000005,3681710.1,3681717.7,3681729.9,4031310.2,4031621.5,2024-05-07T09:25:59Z,4031617.002,NA,NA,NA,NA,NA,NA,NA,NA,NA,NA,NA,NA,NA,NA,NA,NA,NA,NA,NA,NA,NA,NA,NA,NA,NA,NA,NA,NA,NA
56b99,block 3,flow.Sequence,7,NA,NA,completion,349580.30000005,3681710.1,3681717.7,3681729.9,4031310.2,4031621.6,2024-05-07T09:25:59Z,4031617.002,NA,NA,NA,NA,NA,NA,NA,NA,NA,NA,NA,NA,NA,NA,NA,NA,NA,NA,NA,NA,NA,NA,NA,NA,NA,NA,NA,NA,NA
56b99,3.Part Over,canvas.Screen,8,NA,keypress(Space),response,3555.9980000001,4031621.6,4031617.002,4031617.002,4035173,4035174,2024-05-07T09:26:02Z,4035231.1,NA,NA,NA,NA,NA,NA,NA,NA,NA,NA,NA,NA,NA,NA,NA,NA,NA,NA,NA,NA,NA,NA,NA,NA,NA,NA,NA,NA,NA
56b99,Deep Question,html.Page,9_0_0_0_0_0_0,df,NA,form submission,4890.1000000476,4035213.1,4035200.192,4035231.1,4040121.2,4040121.5,2024-05-07T09:26:07Z,4040127.5,NA,NA,NA,NA,NA,NA,NA,NA,NA,NA,NA,NA,NA,NA,NA,NA,NA,NA,NA,NA,Kontrolle,kudhibiti,d,NA,NA,NA,NA,NA,0
56b99,"""Richtig""-Screen",canvas.Screen,9_0_0_0_0_0_1,NA,NA,skipped,NA,4040124.7,NA,NA,4040121.2,4040124.8000001,2024-05-07T09:26:07Z,4040127.5,NA,NA,NA,NA,NA,NA,NA,NA,NA,NA,NA,NA,NA,NA,NA,NA,NA,NA,NA,NA,Kontrolle,kudhibiti,d,NA,NA,NA,sdf,NA,0
56b99,"""Falsch""-Screen",canvas.Screen,9_0_0_0_0_0_2,NA,NA,timeout,4997.5,4040125.7,4040111.806,4040127.5,4045108.5,4045108.9,2024-05-07T09:26:12Z,4045125,NA,NA,NA,NA,NA,NA,NA,NA,NA,NA,NA,NA,NA,NA,NA,NA,NA,NA,NA,NA,Kontrolle,kudhibiti,d,NA,NA,NA,sdf,0,0
56b99,deep,flow.Sequence,9_0_0_0_0_0,NA,NA,completion,9877.3999999999,4035213.1,4035200.192,4035231.1,4045108.5,4045109,2024-05-07T09:26:12Z,4045125,NA,NA,NA,NA,NA,NA,NA,NA,NA,NA,NA,NA,NA,NA,NA,NA,NA,NA,NA,NA,Kontrolle,kudhibiti,d,NA,NA,NA,sdf,NA,0
56b99,shallow,flow.Sequence,9_0_0_0_0_1,NA,NA,skipped,NA,4045109.2,NA,NA,4045108.5,4045109.2,2024-05-07T09:26:12Z,4045125,NA,NA,NA,NA,NA,NA,NA,NA,NA,NA,NA,NA,NA,NA,NA,NA,NA,NA,NA,NA,Kontrolle,kudhibiti,d,NA,NA,NA,sdf,NA,0
56b99,task,flow.Sequence,9_0_0_0_0,NA,NA,completion,9877.3999999999,4035213.1,4035200.192,4035231.1,4045108.5,4045109.3000001,2024-05-07T09:26:12Z,4045125,NA,NA,NA,NA,NA,NA,NA,NA,NA,NA,NA,NA,NA,NA,NA,NA,NA,NA,NA,NA,Kontrolle,kudhibiti,d,NA,NA,NA,sdf,NA,0
56b99,deep,flow.Sequence,9_0_0_0_1_0,NA,NA,skipped,NA,4045109.4,NA,NA,4045108.5,4045109.4,2024-05-07T09:26:12Z,4045125,NA,NA,NA,NA,NA,NA,NA,NA,NA,NA,NA,NA,NA,NA,NA,NA,NA,NA,NA,NA,Können,unaweza,s,kiongozi,bustani,mienendo,sdf,NA,0
56b99,Shallow Question,html.Page,9_0_0_0_1_1_0,kiongozi,NA,form submission,7311.8000000715,4045109.4,4045108.5,4045125,4052436.8000001,4052437.2,2024-05-07T09:26:20Z,4052454.5,NA,NA,NA,NA,NA,NA,NA,NA,NA,NA,NA,NA,NA,NA,NA,NA,NA,NA,NA,NA,Können,unaweza,s,kiongozi,bustani,mienendo,NA,NA,0
56b99,"""Richtig""-Screen",canvas.Screen,9_0_0_0_1_1_1,NA,NA,skipped,NA,4052440.5,NA,NA,4052436.8000001,4052440.6,2024-05-07T09:26:20Z,4052454.5,NA,NA,NA,NA,NA,NA,NA,NA,NA,NA,NA,NA,NA,NA,NA,NA,NA,NA,NA,NA,Können,unaweza,s,kiongozi,bustani,mienendo,sdf,NA,0
56b99,"""Falsch""-Screen",canvas.Screen,9_0_0_0_1_1_2,NA,NA,timeout,4996.2000000002,4052441.4,4052437.394,4052454.5,4057433.9,4057434.9,2024-05-07T09:26:25Z,4057450.7,NA,NA,NA,NA,NA,NA,NA,NA,NA,NA,NA,NA,NA,NA,NA,NA,NA,NA,NA,NA,Können,unaweza,s,kiongozi,bustani,mienendo,sdf,0,0
56b99,shallow,flow.Sequence,9_0_0_0_1_1,NA,NA,completion,12308.9,4045109.4,4045108.5,4045125,4057433.9,4057435.3000001,2024-05-07T09:26:25Z,4057450.7,NA,NA,NA,NA,NA,NA,NA,NA,NA,NA,NA,NA,NA,NA,NA,NA,NA,NA,NA,NA,Können,unaweza,s,kiongozi,bustani,mienendo,sdf,NA,0
56b99,task,flow.Sequence,9_0_0_0_1,NA,NA,completion,12308.9,4045109.4,4045108.5,4045125,4057433.9,4057435.6,2024-05-07T09:26:25Z,4057450.7,NA,NA,NA,NA,NA,NA,NA,NA,NA,NA,NA,NA,NA,NA,NA,NA,NA,NA,NA,NA,Können,unaweza,s,kiongozi,bustani,mienendo,sdf,NA,0
56b99,Deep Question,html.Page,9_0_0_0_2_0_0,s,NA,form submission,3310.199999976,4057435.8000001,4057433.9,4057450.7,4060760.9,4060761.2,2024-05-07T09:26:28Z,4060765.3,NA,NA,NA,NA,NA,NA,NA,NA,NA,NA,NA,NA,NA,NA,NA,NA,NA,NA,NA,NA,Verstand,ufahamivu,d,NA,NA,NA,NA,NA,0
56b99,"""Richtig""-Screen",canvas.Screen,9_0_0_0_2_0_1,NA,NA,skipped,NA,4060765.2,NA,NA,4060760.9,4060765.5,2024-05-07T09:26:28Z,4060765.3,NA,NA,NA,NA,NA,NA,NA,NA,NA,NA,NA,NA,NA,NA,NA,NA,NA,NA,NA,NA,Verstand,ufahamivu,d,NA,NA,NA,sdf,NA,0
56b99,"""Falsch""-Screen",canvas.Screen,9_0_0_0_2_0_2,NA,NA,timeout,4996.8000000003,4060767,4060765.19,4060765.3,4065745.4,4065746.1,2024-05-07T09:26:33Z,4065762.1,NA,NA,NA,NA,NA,NA,NA,NA,NA,NA,NA,NA,NA,NA,NA,NA,NA,NA,NA,NA,Verstand,ufahamivu,d,NA,NA,NA,sdf,0,0
56b99,deep,flow.Sequence,9_0_0_0_2_0,NA,NA,completion,8294.6999999997,4057435.7,4057433.9,4057450.7,4065745.4,4065746.4,2024-05-07T09:26:33Z,4065762.1,NA,NA,NA,NA,NA,NA,NA,NA,NA,NA,NA,NA,NA,NA,NA,NA,NA,NA,NA,NA,Verstand,ufahamivu,d,NA,NA,NA,sdf,NA,0
56b99,shallow,flow.Sequence,9_0_0_0_2_1,NA,NA,skipped,NA,4065746.5,NA,NA,4065745.4,4065746.6,2024-05-07T09:26:33Z,4065762.1,NA,NA,NA,NA,NA,NA,NA,NA,NA,NA,NA,NA,NA,NA,NA,NA,NA,NA,NA,NA,Verstand,ufahamivu,d,NA,NA,NA,sdf,NA,0
56b99,task,flow.Sequence,9_0_0_0_2,NA,NA,completion,8294.6999999997,4057435.6,4057433.9,4057450.7,4065745.4,4065746.7,2024-05-07T09:26:33Z,4065762.1,NA,NA,NA,NA,NA,NA,NA,NA,NA,NA,NA,NA,NA,NA,NA,NA,NA,NA,NA,NA,Verstand,ufahamivu,d,NA,NA,NA,sdf,NA,0
56b99,deep,flow.Sequence,9_0_0_0_3_0,NA,NA,skipped,NA,4065746.8000001,NA,NA,4065745.4,4065746.9,2024-05-07T09:26:33Z,4065762.1,NA,NA,NA,NA,NA,NA,NA,NA,NA,NA,NA,NA,NA,NA,NA,NA,NA,NA,NA,NA,Kreativität,ubunifu,s,mratibu,mwendelezo,makubaliano,sdf,NA,0
56b99,Shallow Question,html.Page,9_0_0_0_3_1_0,mwendelezo,NA,form submission,6998.7999999761,4065747,4065745.4,4065762.1,4072760.9,4072761.1,2024-05-07T09:26:40Z,4072774.3,NA,NA,NA,NA,NA,NA,NA,NA,NA,NA,NA,NA,NA,NA,NA,NA,NA,NA,NA,NA,Kreativität,ubunifu,s,mratibu,mwendelezo,makubaliano,NA,NA,0
56b99,"""Richtig""-Screen",canvas.Screen,9_0_0_0_3_1_1,NA,NA,skipped,NA,4072764.2,NA,NA,4072760.9,4072764.2,2024-05-07T09:26:40Z,4072774.3,NA,NA,NA,NA,NA,NA,NA,NA,NA,NA,NA,NA,NA,NA,NA,NA,NA,NA,NA,NA,Kreativität,ubunifu,s,mratibu,mwendelezo,makubaliano,sdf,NA,0
56b99,"""Falsch""-Screen",canvas.Screen,9_0_0_0_3_1_2,NA,NA,timeout,4997.4000000004,4072765.1,4072758.26,4072774.3,4077755.1,4077756,2024-05-07T09:26:45Z,4077771.7,NA,NA,NA,NA,NA,NA,NA,NA,NA,NA,NA,NA,NA,NA,NA,NA,NA,NA,NA,NA,Kreativität,ubunifu,s,mratibu,mwendelezo,makubaliano,sdf,0,0
56b99,shallow,flow.Sequence,9_0_0_0_3_1,NA,NA,completion,11993,4065747,4065745.4,4065762.1,4077755.1,4077756.4,2024-05-07T09:26:45Z,4077771.7,NA,NA,NA,NA,NA,NA,NA,NA,NA,NA,NA,NA,NA,NA,NA,NA,NA,NA,NA,NA,Kreativität,ubunifu,s,mratibu,mwendelezo,makubaliano,sdf,NA,0
56b99,task,flow.Sequence,9_0_0_0_3,NA,NA,completion,11993,4065746.7,4065745.4,4065762.1,4077755.1,4077756.7,2024-05-07T09:26:45Z,4077771.7,NA,NA,NA,NA,NA,NA,NA,NA,NA,NA,NA,NA,NA,NA,NA,NA,NA,NA,NA,NA,Kreativität,ubunifu,s,mratibu,mwendelezo,makubaliano,sdf,NA,0
56b99,deep,flow.Sequence,9_0_0_0_4_0,NA,NA,skipped,NA,4077756.8000001,NA,NA,4077755.1,4077757,2024-05-07T09:26:45Z,4077771.7,NA,NA,NA,NA,NA,NA,NA,NA,NA,NA,NA,NA,NA,NA,NA,NA,NA,NA,NA,NA,Gelegenheit,wakati,s,mchanganyiko,kipaumbele,kushuku,sdf,NA,0
56b99,Shallow Question,html.Page,9_0_0_0_4_1_0,kushuku,NA,form submission,8945.199999976,4077757.1,4077755.1,4077771.7,4086716.9,4086717,2024-05-07T09:26:54Z,4086733,NA,NA,NA,NA,NA,NA,NA,NA,NA,NA,NA,NA,NA,NA,NA,NA,NA,NA,NA,NA,Gelegenheit,wakati,s,mchanganyiko,kipaumbele,kushuku,NA,NA,0
56b99,"""Richtig""-Screen",canvas.Screen,9_0_0_0_4_1_1,NA,NA,skipped,NA,4086720.1,NA,NA,4086716.9,4086720.3000001,2024-05-07T09:26:54Z,4086733,NA,NA,NA,NA,NA,NA,NA,NA,NA,NA,NA,NA,NA,NA,NA,NA,NA,NA,NA,NA,Gelegenheit,wakati,s,mchanganyiko,kipaumbele,kushuku,sdf,NA,0
56b99,"""Falsch""-Screen",canvas.Screen,9_0_0_0_4_1_2,NA,NA,timeout,4996.3999999999,4086721.1,4086716.548,4086733,4091713.1,4091714.1,2024-05-07T09:26:59Z,4091729.4,NA,NA,NA,NA,NA,NA,NA,NA,NA,NA,NA,NA,NA,NA,NA,NA,NA,NA,NA,NA,Gelegenheit,wakati,s,mchanganyiko,kipaumbele,kushuku,sdf,0,0
56b99,shallow,flow.Sequence,9_0_0_0_4_1,NA,NA,completion,13941.4,4077757.1,4077755.1,4077771.7,4091713.1,4091714.4,2024-05-07T09:26:59Z,4091729.4,NA,NA,NA,NA,NA,NA,NA,NA,NA,NA,NA,NA,NA,NA,NA,NA,NA,NA,NA,NA,Gelegenheit,wakati,s,mchanganyiko,kipaumbele,kushuku,sdf,NA,0
56b99,task,flow.Sequence,9_0_0_0_4,NA,NA,completion,13941.4,4077756.8000001,4077755.1,4077771.7,4091713.1,4091714.6,2024-05-07T09:26:59Z,4091729.4,NA,NA,NA,NA,NA,NA,NA,NA,NA,NA,NA,NA,NA,NA,NA,NA,NA,NA,NA,NA,Gelegenheit,wakati,s,mchanganyiko,kipaumbele,kushuku,sdf,NA,0
56b99,deep,flow.Sequence,9_0_0_0_5_0,NA,NA,skipped,NA,4091714.7,NA,NA,4091713.1,4091714.9,2024-05-07T09:26:59Z,4091729.4,NA,NA,NA,NA,NA,NA,NA,NA,NA,NA,NA,NA,NA,NA,NA,NA,NA,NA,NA,NA,Ausschluss,kutengwa,s,ununuzi,taratibu,madeni,sdf,NA,0
56b99,Shallow Question,html.Page,9_0_0_0_5_1_0,madeni,NA,form submission,7461.2000000239,4091715,4091713.1,4091729.4,4099190.6,4099190.8000001,2024-05-07T09:27:06Z,4099208.2,NA,NA,NA,NA,NA,NA,NA,NA,NA,NA,NA,NA,NA,NA,NA,NA,NA,NA,NA,NA,Ausschluss,kutengwa,s,ununuzi,taratibu,madeni,NA,NA,0
56b99,"""Richtig""-Screen",canvas.Screen,9_0_0_0_5_1_1,NA,NA,skipped,NA,4099194,NA,NA,4099190.6,4099194.2,2024-05-07T09:27:06Z,4099208.2,NA,NA,NA,NA,NA,NA,NA,NA,NA,NA,NA,NA,NA,NA,NA,NA,NA,NA,NA,NA,Ausschluss,kutengwa,s,ununuzi,taratibu,madeni,sdf,NA,0
56b99,"""Falsch""-Screen",canvas.Screen,9_0_0_0_5_1_2,NA,NA,timeout,4997.5999999996,4099194.9,4099192.288,4099208.2,4104188.6,4104189.6,2024-05-07T09:27:11Z,4104205.8,NA,NA,NA,NA,NA,NA,NA,NA,NA,NA,NA,NA,NA,NA,NA,NA,NA,NA,NA,NA,Ausschluss,kutengwa,s,ununuzi,taratibu,madeni,sdf,0,0
56b99,shallow,flow.Sequence,9_0_0_0_5_1,NA,NA,completion,12459.2,4091715,4091713.1,4091729.4,4104188.6,4104189.9,2024-05-07T09:27:11Z,4104205.8,NA,NA,NA,NA,NA,NA,NA,NA,NA,NA,NA,NA,NA,NA,NA,NA,NA,NA,NA,NA,Ausschluss,kutengwa,s,ununuzi,taratibu,madeni,sdf,NA,0
56b99,task,flow.Sequence,9_0_0_0_5,NA,NA,completion,12459.2,4091714.7,4091713.1,4091729.4,4104188.6,4104190.2,2024-05-07T09:27:11Z,4104205.8,NA,NA,NA,NA,NA,NA,NA,NA,NA,NA,NA,NA,NA,NA,NA,NA,NA,NA,NA,NA,Ausschluss,kutengwa,s,ununuzi,taratibu,madeni,sdf,NA,0
56b99,Deep Question,html.Page,9_0_0_0_6_0_0,sd,NA,form submission,5523.300000024,4104190.3000001,4104188.6,4104205.8,4109729.1,4109729.4,2024-05-07T09:27:17Z,4109735.1,NA,NA,NA,NA,NA,NA,NA,NA,NA,NA,NA,NA,NA,NA,NA,NA,NA,NA,NA,NA,Gefährdung,kuhatarisha,d,NA,NA,NA,NA,NA,0
56b99,"""Richtig""-Screen",canvas.Screen,9_0_0_0_6_0_1,NA,NA,skipped,NA,4109732.3000001,NA,NA,4109729.1,4109732.4,2024-05-07T09:27:17Z,4109735.1,NA,NA,NA,NA,NA,NA,NA,NA,NA,NA,NA,NA,NA,NA,NA,NA,NA,NA,NA,NA,Gefährdung,kuhatarisha,d,NA,NA,NA,sdf,NA,0
56b99,"""Falsch""-Screen",canvas.Screen,9_0_0_0_6_0_2,NA,NA,timeout,4997.3999999999,4109733.2,4109719.876,4109735.1,4114715.9,4114717.2,2024-05-07T09:27:22Z,4114732.5,NA,NA,NA,NA,NA,NA,NA,NA,NA,NA,NA,NA,NA,NA,NA,NA,NA,NA,NA,NA,Gefährdung,kuhatarisha,d,NA,NA,NA,sdf,0,0
56b99,deep,flow.Sequence,9_0_0_0_6_0,NA,NA,completion,10510.1,4104190.3000001,4104188.6,4104205.8,4114715.9,4114717.8000001,2024-05-07T09:27:22Z,4114732.5,NA,NA,NA,NA,NA,NA,NA,NA,NA,NA,NA,NA,NA,NA,NA,NA,NA,NA,NA,NA,Gefährdung,kuhatarisha,d,NA,NA,NA,sdf,NA,0
56b99,shallow,flow.Sequence,9_0_0_0_6_1,NA,NA,skipped,NA,4114718.1,NA,NA,4114715.9,4114718.3000001,2024-05-07T09:27:22Z,4114732.5,NA,NA,NA,NA,NA,NA,NA,NA,NA,NA,NA,NA,NA,NA,NA,NA,NA,NA,NA,NA,Gefährdung,kuhatarisha,d,NA,NA,NA,sdf,NA,0
56b99,task,flow.Sequence,9_0_0_0_6,NA,NA,completion,10510.1,4104190.2,4104188.6,4104205.8,4114715.9,4114718.6,2024-05-07T09:27:22Z,4114732.5,NA,NA,NA,NA,NA,NA,NA,NA,NA,NA,NA,NA,NA,NA,NA,NA,NA,NA,NA,NA,Gefährdung,kuhatarisha,d,NA,NA,NA,sdf,NA,0
56b99,Deep Question,html.Page,9_0_0_0_7_0_0,dfg,NA,form submission,8890.7000000477,4114718.9,4114715.9,4114732.5,4123623.2,4123623.4,2024-05-07T09:27:31Z,4123643.3,NA,NA,NA,NA,NA,NA,NA,NA,NA,NA,NA,NA,NA,NA,NA,NA,NA,NA,NA,NA,Widerstand,usulubu,d,NA,NA,NA,NA,NA,0
56b99,"""Richtig""-Screen",canvas.Screen,9_0_0_0_7_0_1,NA,NA,skipped,NA,4123626.4,NA,NA,4123623.2,4123626.6,2024-05-07T09:27:31Z,4123643.3,NA,NA,NA,NA,NA,NA,NA,NA,NA,NA,NA,NA,NA,NA,NA,NA,NA,NA,NA,NA,Widerstand,usulubu,d,NA,NA,NA,sdf,NA,0
56b99,"""Falsch""-Screen",canvas.Screen,9_0_0_0_7_0_2,NA,NA,timeout,4997.5,4123627.3000001,4123627.476,4123643.3,4128624.1,4128624.9,2024-05-07T09:27:36Z,4128640.8,NA,NA,NA,NA,NA,NA,NA,NA,NA,NA,NA,NA,NA,NA,NA,NA,NA,NA,NA,NA,Widerstand,usulubu,d,NA,NA,NA,sdf,0,0
56b99,deep,flow.Sequence,9_0_0_0_7_0,NA,NA,completion,13891.6,4114718.8000001,4114715.9,4114732.5,4128624.1,4128625.3000001,2024-05-07T09:27:36Z,4128640.8,NA,NA,NA,NA,NA,NA,NA,NA,NA,NA,NA,NA,NA,NA,NA,NA,NA,NA,NA,NA,Widerstand,usulubu,d,NA,NA,NA,sdf,NA,0
56b99,shallow,flow.Sequence,9_0_0_0_7_1,NA,NA,skipped,NA,4128625.5,NA,NA,4128624.1,4128625.5,2024-05-07T09:27:36Z,4128640.8,NA,NA,NA,NA,NA,NA,NA,NA,NA,NA,NA,NA,NA,NA,NA,NA,NA,NA,NA,NA,Widerstand,usulubu,d,NA,NA,NA,sdf,NA,0
56b99,task,flow.Sequence,9_0_0_0_7,NA,NA,completion,13891.6,4114718.7,4114715.9,4114732.5,4128624.1,4128625.8000001,2024-05-07T09:27:36Z,4128640.8,NA,NA,NA,NA,NA,NA,NA,NA,NA,NA,NA,NA,NA,NA,NA,NA,NA,NA,NA,NA,Widerstand,usulubu,d,NA,NA,NA,sdf,NA,0
56b99,block,flow.Loop,9_0_0_0,NA,NA,completion,93393,4035213.1,4035200.192,4035231.1,4128624.1,4128625.9,2024-05-07T09:27:36Z,4128640.8,NA,NA,NA,NA,NA,NA,NA,NA,NA,NA,NA,NA,NA,NA,NA,NA,NA,NA,NA,NA,NA,NA,NA,NA,NA,NA,sdf,NA,0
56b99,weiter,canvas.Screen,9_0_0_1,sdf,keypress(Space),response,1486.5000000717,4128626,4128624.1,4128640.8,4130127.3000001,4130128.2,2024-05-07T09:27:37Z,4130157.406,NA,NA,NA,NA,NA,NA,NA,NA,NA,NA,NA,NA,NA,NA,NA,NA,NA,NA,NA,NA,NA,NA,NA,NA,NA,NA,sdf,NA,0
56b99,check continue,flow.Sequence,9_0_0,NA,NA,completion,94896.200000071,4035213.1,4035200.192,4035231.1,4130127.3000001,4130128.4,2024-05-07T09:27:37Z,4130157.406,NA,NA,NA,NA,NA,NA,NA,NA,NA,NA,NA,NA,NA,NA,NA,NA,NA,NA,NA,NA,NA,NA,NA,NA,NA,NA,sdf,NA,0
56b99,deep,flow.Sequence,9_0_1_0_0_0,NA,NA,skipped,NA,4130161.2,NA,NA,4130127.3000001,4130161.3000001,2024-05-07T09:27:37Z,4130157.406,NA,NA,NA,NA,NA,NA,NA,NA,NA,NA,NA,NA,NA,NA,NA,NA,NA,NA,NA,NA,Ausschluss,kutengwa,s,ununuzi,taratibu,madeni,sdfdsf,NA,1
56b99,Shallow Question,html.Page,9_0_1_0_0_1_0,kutengwa,NA,form submission,17367.594,4130161.4,4130157.406,4130157.406,4147525,4147525.3000001,2024-05-07T09:27:55Z,4147529.358,NA,NA,NA,NA,NA,NA,NA,NA,NA,NA,NA,NA,NA,NA,NA,NA,NA,NA,NA,NA,Ausschluss,kutengwa,s,ununuzi,taratibu,madeni,NA,NA,1
56b99,"""Richtig""-Screen",canvas.Screen,9_0_1_0_0_1_1,NA,NA,timeout,4996.8420000002,4147528.2,4147529.358,4147529.358,4152509.4,4152509.8000001,2024-05-07T09:28:00Z,4152526.2,NA,NA,NA,NA,NA,NA,NA,NA,NA,NA,NA,NA,NA,NA,NA,NA,NA,NA,NA,NA,Ausschluss,kutengwa,s,ununuzi,taratibu,madeni,sdfdsf,1,1
56b99,"""Falsch""-Screen",canvas.Screen,9_0_1_0_0_1_2,NA,NA,skipped,NA,4152511.5,NA,NA,4152509.4,4152511.6,2024-05-07T09:28:00Z,4152526.2,NA,NA,NA,NA,NA,NA,NA,NA,NA,NA,NA,NA,NA,NA,NA,NA,NA,NA,NA,NA,Ausschluss,kutengwa,s,ununuzi,taratibu,madeni,sdfdsf,NA,1
56b99,shallow,flow.Sequence,9_0_1_0_0_1,NA,NA,completion,22351.994,4130161.4,4130157.406,4130157.406,4152509.4,4152511.8000001,2024-05-07T09:28:00Z,4152526.2,NA,NA,NA,NA,NA,NA,NA,NA,NA,NA,NA,NA,NA,NA,NA,NA,NA,NA,NA,NA,Ausschluss,kutengwa,s,ununuzi,taratibu,madeni,sdfdsf,NA,1
56b99,task,flow.Sequence,9_0_1_0_0,NA,NA,completion,22351.994,4130161.2,4130157.406,4130157.406,4152509.4,4152511.8000001,2024-05-07T09:28:00Z,4152526.2,NA,NA,NA,NA,NA,NA,NA,NA,NA,NA,NA,NA,NA,NA,NA,NA,NA,NA,NA,NA,Ausschluss,kutengwa,s,ununuzi,taratibu,madeni,sdfdsf,NA,1
56b99,Deep Question,html.Page,9_0_1_0_1_0_0,usulubu,NA,form submission,13366.8,4152511.8000001,4152509.4,4152526.2,4165893,4165893.1,2024-05-07T09:28:13Z,4165901,NA,NA,NA,NA,NA,NA,NA,NA,NA,NA,NA,NA,NA,NA,NA,NA,NA,NA,NA,NA,Widerstand,usulubu,d,NA,NA,NA,NA,NA,1
56b99,"""Richtig""-Screen",canvas.Screen,9_0_1_0_1_0_1,NA,NA,timeout,4996.7999999998,4165894.4,4165884.8,4165901,4170881.4,4170882.3000001,2024-05-07T09:28:18Z,4170897.8,NA,NA,NA,NA,NA,NA,NA,NA,NA,NA,NA,NA,NA,NA,NA,NA,NA,NA,NA,NA,Widerstand,usulubu,d,NA,NA,NA,sdfdsf,1,1
56b99,"""Falsch""-Screen",canvas.Screen,9_0_1_0_1_0_2,NA,NA,skipped,NA,4170887,NA,NA,4170881.4,4170887.1,2024-05-07T09:28:18Z,4170897.8,NA,NA,NA,NA,NA,NA,NA,NA,NA,NA,NA,NA,NA,NA,NA,NA,NA,NA,NA,NA,Widerstand,usulubu,d,NA,NA,NA,sdfdsf,NA,1
56b99,deep,flow.Sequence,9_0_1_0_1_0,NA,NA,completion,18355.2,4152511.8000001,4152509.4,4152526.2,4170881.4,4170887.2,2024-05-07T09:28:18Z,4170897.8,NA,NA,NA,NA,NA,NA,NA,NA,NA,NA,NA,NA,NA,NA,NA,NA,NA,NA,NA,NA,Widerstand,usulubu,d,NA,NA,NA,sdfdsf,NA,1
56b99,shallow,flow.Sequence,9_0_1_0_1_1,NA,NA,skipped,NA,4170887.2,NA,NA,4170881.4,4170887.2,2024-05-07T09:28:18Z,4170897.8,NA,NA,NA,NA,NA,NA,NA,NA,NA,NA,NA,NA,NA,NA,NA,NA,NA,NA,NA,NA,Widerstand,usulubu,d,NA,NA,NA,sdfdsf,NA,1
56b99,task,flow.Sequence,9_0_1_0_1,NA,NA,completion,18355.2,4152511.8000001,4152509.4,4152526.2,4170881.4,4170887.3000001,2024-05-07T09:28:18Z,4170897.8,NA,NA,NA,NA,NA,NA,NA,NA,NA,NA,NA,NA,NA,NA,NA,NA,NA,NA,NA,NA,Widerstand,usulubu,d,NA,NA,NA,sdfdsf,NA,1
56b99,Deep Question,html.Page,9_0_1_0_2_0_0,kuhatarisha,NA,form submission,15075.099999976,4170887.3000001,4170881.4,4170897.8,4185972.9,4185973.2,2024-05-07T09:28:33Z,4185988.7,NA,NA,NA,NA,NA,NA,NA,NA,NA,NA,NA,NA,NA,NA,NA,NA,NA,NA,NA,NA,Gefährdung,kuhatarisha,d,NA,NA,NA,NA,NA,1
56b99,"""Richtig""-Screen",canvas.Screen,9_0_1_0_2_0_1,NA,NA,timeout,4997.1999999997,4185976.1,4185972.734,4185988.7,4190969,4190970.5,2024-05-07T09:28:38Z,4190985.9,NA,NA,NA,NA,NA,NA,NA,NA,NA,NA,NA,NA,NA,NA,NA,NA,NA,NA,NA,NA,Gefährdung,kuhatarisha,d,NA,NA,NA,sdfdsf,1,1
56b99,"""Falsch""-Screen",canvas.Screen,9_0_1_0_2_0_2,NA,NA,skipped,NA,4190975.9,NA,NA,4190969,4190976.1,2024-05-07T09:28:38Z,4190985.9,NA,NA,NA,NA,NA,NA,NA,NA,NA,NA,NA,NA,NA,NA,NA,NA,NA,NA,NA,NA,Gefährdung,kuhatarisha,d,NA,NA,NA,sdfdsf,NA,1
56b99,deep,flow.Sequence,9_0_1_0_2_0,NA,NA,completion,20071.2,4170887.3000001,4170881.4,4170897.8,4190969,4190976.1,2024-05-07T09:28:38Z,4190985.9,NA,NA,NA,NA,NA,NA,NA,NA,NA,NA,NA,NA,NA,NA,NA,NA,NA,NA,NA,NA,Gefährdung,kuhatarisha,d,NA,NA,NA,sdfdsf,NA,1
56b99,shallow,flow.Sequence,9_0_1_0_2_1,NA,NA,skipped,NA,4190976.1,NA,NA,4190969,4190976.2,2024-05-07T09:28:38Z,4190985.9,NA,NA,NA,NA,NA,NA,NA,NA,NA,NA,NA,NA,NA,NA,NA,NA,NA,NA,NA,NA,Gefährdung,kuhatarisha,d,NA,NA,NA,sdfdsf,NA,1
56b99,task,flow.Sequence,9_0_1_0_2,NA,NA,completion,20071.2,4170887.3000001,4170881.4,4170897.8,4190969,4190976.2,2024-05-07T09:28:38Z,4190985.9,NA,NA,NA,NA,NA,NA,NA,NA,NA,NA,NA,NA,NA,NA,NA,NA,NA,NA,NA,NA,Gefährdung,kuhatarisha,d,NA,NA,NA,sdfdsf,NA,1
56b99,deep,flow.Sequence,9_0_1_0_3_0,NA,NA,skipped,NA,4190976.2,NA,NA,4190969,4190976.3000001,2024-05-07T09:28:38Z,4190985.9,NA,NA,NA,NA,NA,NA,NA,NA,NA,NA,NA,NA,NA,NA,NA,NA,NA,NA,NA,NA,Gelegenheit,wakati,s,mchanganyiko,kipaumbele,kushuku,sdfdsf,NA,1
56b99,Shallow Question,html.Page,9_0_1_0_3_1_0,wakati,NA,form submission,20194.800000048,4190976.3000001,4190969,4190985.9,4211180.7,4211180.9,2024-05-07T09:28:58Z,4211190.1,NA,NA,NA,NA,NA,NA,NA,NA,NA,NA,NA,NA,NA,NA,NA,NA,NA,NA,NA,NA,Gelegenheit,wakati,s,mchanganyiko,kipaumbele,kushuku,NA,NA,1
56b99,"""Richtig""-Screen",canvas.Screen,9_0_1_0_3_1_1,NA,NA,timeout,4996.8000000007,4211184,4211173.6,4211190.1,4216170.5,4216171.4,2024-05-07T09:29:03Z,4216186.9,NA,NA,NA,NA,NA,NA,NA,NA,NA,NA,NA,NA,NA,NA,NA,NA,NA,NA,NA,NA,Gelegenheit,wakati,s,mchanganyiko,kipaumbele,kushuku,sdfdsf,1,1
56b99,"""Falsch""-Screen",canvas.Screen,9_0_1_0_3_1_2,NA,NA,skipped,NA,4216176.2,NA,NA,4216170.5,4216176.3000001,2024-05-07T09:29:03Z,4216186.9,NA,NA,NA,NA,NA,NA,NA,NA,NA,NA,NA,NA,NA,NA,NA,NA,NA,NA,NA,NA,Gelegenheit,wakati,s,mchanganyiko,kipaumbele,kushuku,sdfdsf,NA,1
56b99,shallow,flow.Sequence,9_0_1_0_3_1,NA,NA,completion,25184.6,4190976.3000001,4190969,4190985.9,4216170.5,4216176.4,2024-05-07T09:29:03Z,4216186.9,NA,NA,NA,NA,NA,NA,NA,NA,NA,NA,NA,NA,NA,NA,NA,NA,NA,NA,NA,NA,Gelegenheit,wakati,s,mchanganyiko,kipaumbele,kushuku,sdfdsf,NA,1
56b99,task,flow.Sequence,9_0_1_0_3,NA,NA,completion,25184.6,4190976.2,4190969,4190985.9,4216170.5,4216176.4,2024-05-07T09:29:03Z,4216186.9,NA,NA,NA,NA,NA,NA,NA,NA,NA,NA,NA,NA,NA,NA,NA,NA,NA,NA,NA,NA,Gelegenheit,wakati,s,mchanganyiko,kipaumbele,kushuku,sdfdsf,NA,1
56b99,deep,flow.Sequence,9_0_1_0_4_0,NA,NA,skipped,NA,4216176.5,NA,NA,4216170.5,4216176.5,2024-05-07T09:29:03Z,4216186.9,NA,NA,NA,NA,NA,NA,NA,NA,NA,NA,NA,NA,NA,NA,NA,NA,NA,NA,NA,NA,Können,unaweza,s,kiongozi,bustani,mienendo,sdfdsf,NA,1
56b99,Shallow Question,html.Page,9_0_1_0_4_1_0,unaweza,NA,form submission,8745.7000000235,4216176.6,4216170.5,4216186.9,4224932.6,4224932.8000001,2024-05-07T09:29:12Z,4224948.5,NA,NA,NA,NA,NA,NA,NA,NA,NA,NA,NA,NA,NA,NA,NA,NA,NA,NA,NA,NA,Können,unaweza,s,kiongozi,bustani,mienendo,NA,NA,1
56b99,"""Richtig""-Screen",canvas.Screen,9_0_1_0_4_1_1,NA,NA,timeout,4997.0999999996,4224935.7,4224932.03,4224948.5,4229928.6,4229929.4,2024-05-07T09:29:17Z,4229945.6,NA,NA,NA,NA,NA,NA,NA,NA,NA,NA,NA,NA,NA,NA,NA,NA,NA,NA,NA,NA,Können,unaweza,s,kiongozi,bustani,mienendo,sdfdsf,1,1
56b99,"""Falsch""-Screen",canvas.Screen,9_0_1_0_4_1_2,NA,NA,skipped,NA,4229934.4,NA,NA,4229928.6,4229934.5,2024-05-07T09:29:17Z,4229945.6,NA,NA,NA,NA,NA,NA,NA,NA,NA,NA,NA,NA,NA,NA,NA,NA,NA,NA,NA,NA,Können,unaweza,s,kiongozi,bustani,mienendo,sdfdsf,NA,1
56b99,shallow,flow.Sequence,9_0_1_0_4_1,NA,NA,completion,13741.699999999,4216176.5,4216170.5,4216186.9,4229928.6,4229934.6,2024-05-07T09:29:17Z,4229945.6,NA,NA,NA,NA,NA,NA,NA,NA,NA,NA,NA,NA,NA,NA,NA,NA,NA,NA,NA,NA,Können,unaweza,s,kiongozi,bustani,mienendo,sdfdsf,NA,1
56b99,task,flow.Sequence,9_0_1_0_4,NA,NA,completion,13741.699999999,4216176.5,4216170.5,4216186.9,4229928.6,4229934.7,2024-05-07T09:29:17Z,4229945.6,NA,NA,NA,NA,NA,NA,NA,NA,NA,NA,NA,NA,NA,NA,NA,NA,NA,NA,NA,NA,Können,unaweza,s,kiongozi,bustani,mienendo,sdfdsf,NA,1
56b99,Deep Question,html.Page,9_0_1_0_5_0_0,kudhibiti,NA,form submission,13160.700000072,4229934.7,4229928.6,4229945.6,4243106.3000001,4243106.6,2024-05-07T09:29:30Z,4243120.8,NA,NA,NA,NA,NA,NA,NA,NA,NA,NA,NA,NA,NA,NA,NA,NA,NA,NA,NA,NA,Kontrolle,kudhibiti,d,NA,NA,NA,NA,NA,1
56b99,"""Richtig""-Screen",canvas.Screen,9_0_1_0_5_0_1,NA,NA,timeout,4996.6000000006,4243109.5,4243104.488,4243120.8,4248101.1,4248102.3000001,2024-05-07T09:29:35Z,4248117.4,NA,NA,NA,NA,NA,NA,NA,NA,NA,NA,NA,NA,NA,NA,NA,NA,NA,NA,NA,NA,Kontrolle,kudhibiti,d,NA,NA,NA,sdfdsf,1,1
56b99,"""Falsch""-Screen",canvas.Screen,9_0_1_0_5_0_2,NA,NA,skipped,NA,4248107.8000001,NA,NA,4248101.1,4248108.1,2024-05-07T09:29:35Z,4248117.4,NA,NA,NA,NA,NA,NA,NA,NA,NA,NA,NA,NA,NA,NA,NA,NA,NA,NA,NA,NA,Kontrolle,kudhibiti,d,NA,NA,NA,sdfdsf,NA,1
56b99,deep,flow.Sequence,9_0_1_0_5_0,NA,NA,completion,18155.5,4229934.7,4229928.6,4229945.6,4248101.1,4248108.3000001,2024-05-07T09:29:35Z,4248117.4,NA,NA,NA,NA,NA,NA,NA,NA,NA,NA,NA,NA,NA,NA,NA,NA,NA,NA,NA,NA,Kontrolle,kudhibiti,d,NA,NA,NA,sdfdsf,NA,1
56b99,shallow,flow.Sequence,9_0_1_0_5_1,NA,NA,skipped,NA,4248108.4,NA,NA,4248101.1,4248108.5,2024-05-07T09:29:35Z,4248117.4,NA,NA,NA,NA,NA,NA,NA,NA,NA,NA,NA,NA,NA,NA,NA,NA,NA,NA,NA,NA,Kontrolle,kudhibiti,d,NA,NA,NA,sdfdsf,NA,1
56b99,task,flow.Sequence,9_0_1_0_5,NA,NA,completion,18155.5,4229934.7,4229928.6,4229945.6,4248101.1,4248108.7,2024-05-07T09:29:35Z,4248117.4,NA,NA,NA,NA,NA,NA,NA,NA,NA,NA,NA,NA,NA,NA,NA,NA,NA,NA,NA,NA,Kontrolle,kudhibiti,d,NA,NA,NA,sdfdsf,NA,1
56b99,Deep Question,html.Page,9_0_1_0_6_0_0,ufahamiwu,NA,form submission,22579.400000071,4248108.9,4248101.1,4248117.4,4270696.8000001,4270697.1,2024-05-07T09:29:58Z,4270703.6,NA,NA,NA,NA,NA,NA,NA,NA,NA,NA,NA,NA,NA,NA,NA,NA,NA,NA,NA,NA,Verstand,ufahamivu,d,NA,NA,NA,NA,NA,1
56b99,"""Richtig""-Screen",canvas.Screen,9_0_1_0_6_0_1,NA,NA,skipped,NA,4270700.1,NA,NA,4270696.8000001,4270700.1,2024-05-07T09:29:58Z,4270703.6,NA,NA,NA,NA,NA,NA,NA,NA,NA,NA,NA,NA,NA,NA,NA,NA,NA,NA,NA,NA,Verstand,ufahamivu,d,NA,NA,NA,sdfdsf,NA,1
56b99,"""Falsch""-Screen",canvas.Screen,9_0_1_0_6_0_2,NA,NA,timeout,4997,4270700.8000001,4270687.778,4270703.6,4275683.9,4275685.6,2024-05-07T09:30:03Z,4275700.6,NA,NA,NA,NA,NA,NA,NA,NA,NA,NA,NA,NA,NA,NA,NA,NA,NA,NA,NA,NA,Verstand,ufahamivu,d,NA,NA,NA,sdfdsf,0,1
56b99,deep,flow.Sequence,9_0_1_0_6_0,NA,NA,completion,27566.5,4248108.8000001,4248101.1,4248117.4,4275683.9,4275686,2024-05-07T09:30:03Z,4275700.6,NA,NA,NA,NA,NA,NA,NA,NA,NA,NA,NA,NA,NA,NA,NA,NA,NA,NA,NA,NA,Verstand,ufahamivu,d,NA,NA,NA,sdfdsf,NA,1
56b99,shallow,flow.Sequence,9_0_1_0_6_1,NA,NA,skipped,NA,4275686.3000001,NA,NA,4275683.9,4275686.4,2024-05-07T09:30:03Z,4275700.6,NA,NA,NA,NA,NA,NA,NA,NA,NA,NA,NA,NA,NA,NA,NA,NA,NA,NA,NA,NA,Verstand,ufahamivu,d,NA,NA,NA,sdfdsf,NA,1
56b99,task,flow.Sequence,9_0_1_0_6,NA,NA,completion,27566.5,4248108.8000001,4248101.1,4248117.4,4275683.9,4275686.6,2024-05-07T09:30:03Z,4275700.6,NA,NA,NA,NA,NA,NA,NA,NA,NA,NA,NA,NA,NA,NA,NA,NA,NA,NA,NA,NA,Verstand,ufahamivu,d,NA,NA,NA,sdfdsf,NA,1
56b99,deep,flow.Sequence,9_0_1_0_7_0,NA,NA,skipped,NA,4275686.7,NA,NA,4275683.9,4275686.9,2024-05-07T09:30:03Z,4275700.6,NA,NA,NA,NA,NA,NA,NA,NA,NA,NA,NA,NA,NA,NA,NA,NA,NA,NA,NA,NA,Kreativität,ubunifu,s,mratibu,mwendelezo,makubaliano,sdfdsf,NA,1
56b99,Shallow Question,html.Page,9_0_1_0_7_1_0,mratibu,NA,form submission,13917.600000048,4275687,4275683.9,4275700.6,4289618.2,4289618.3000001,2024-05-07T09:30:17Z,4289625.3,NA,NA,NA,NA,NA,NA,NA,NA,NA,NA,NA,NA,NA,NA,NA,NA,NA,NA,NA,NA,Kreativität,ubunifu,s,mratibu,mwendelezo,makubaliano,NA,NA,1
56b99,"""Richtig""-Screen",canvas.Screen,9_0_1_0_7_1_1,NA,NA,skipped,NA,4289621.5,NA,NA,4289618.2,4289621.5,2024-05-07T09:30:17Z,4289625.3,NA,NA,NA,NA,NA,NA,NA,NA,NA,NA,NA,NA,NA,NA,NA,NA,NA,NA,NA,NA,Kreativität,ubunifu,s,mratibu,mwendelezo,makubaliano,sdfdsf,NA,1
56b99,"""Falsch""-Screen",canvas.Screen,9_0_1_0_7_1_2,NA,NA,timeout,4996.9000000004,4289622.5,4289609.424,4289625.3,4294605.9,4294607,2024-05-07T09:30:22Z,4294622.2,NA,NA,NA,NA,NA,NA,NA,NA,NA,NA,NA,NA,NA,NA,NA,NA,NA,NA,NA,NA,Kreativität,ubunifu,s,mratibu,mwendelezo,makubaliano,sdfdsf,0,1
56b99,shallow,flow.Sequence,9_0_1_0_7_1,NA,NA,completion,18905.300000001,4275686.9,4275683.9,4275700.6,4294605.9,4294607.4,2024-05-07T09:30:22Z,4294622.2,NA,NA,NA,NA,NA,NA,NA,NA,NA,NA,NA,NA,NA,NA,NA,NA,NA,NA,NA,NA,Kreativität,ubunifu,s,mratibu,mwendelezo,makubaliano,sdfdsf,NA,1
56b99,task,flow.Sequence,9_0_1_0_7,NA,NA,completion,18905.300000001,4275686.7,4275683.9,4275700.6,4294605.9,4294607.7,2024-05-07T09:30:22Z,4294622.2,NA,NA,NA,NA,NA,NA,NA,NA,NA,NA,NA,NA,NA,NA,NA,NA,NA,NA,NA,NA,Kreativität,ubunifu,s,mratibu,mwendelezo,makubaliano,sdfdsf,NA,1
56b99,block,flow.Loop,9_0_1_0,NA,NA,completion,164448.494,4130161.2,4130157.406,4130157.406,4294605.9,4294607.9,2024-05-07T09:30:22Z,4294622.2,NA,NA,NA,NA,NA,NA,NA,NA,NA,NA,NA,NA,NA,NA,NA,NA,NA,NA,NA,NA,NA,NA,NA,NA,NA,NA,sdfdsf,NA,1
56b99,weiter,canvas.Screen,9_0_1_1,sdf,keypress(Space),response,1367.4000000237,4294608.1,4294605.9,4294622.2,4295989.6,4295990.7,2024-05-07T09:30:23Z,4296337.9,NA,NA,NA,NA,NA,NA,NA,NA,NA,NA,NA,NA,NA,NA,NA,NA,NA,NA,NA,NA,NA,NA,NA,NA,NA,NA,sdfdsf,NA,1
56b99,check continue,flow.Sequence,9_0_1,NA,NA,completion,165832.19400002,4130161.1,4130157.406,4130157.406,4295989.6,4295991,2024-05-07T09:30:23Z,4296337.9,NA,NA,NA,NA,NA,NA,NA,NA,NA,NA,NA,NA,NA,NA,NA,NA,NA,NA,NA,NA,NA,NA,NA,NA,NA,NA,sdfdsf,NA,1
56b99,check continue,flow.Sequence,9_0_2,NA,NA,skipped,NA,4296009.8000001,NA,NA,4295989.6,4296009.9,2024-05-07T09:30:23Z,4296337.9,NA,NA,NA,NA,NA,NA,NA,NA,NA,NA,NA,NA,NA,NA,NA,NA,NA,NA,NA,NA,NA,NA,NA,NA,NA,NA,sdf,NA,2
56b99,check continue,flow.Sequence,9_0_3,NA,NA,skipped,NA,4296023.5,NA,NA,4295989.6,4296023.5,2024-05-07T09:30:23Z,4296337.9,NA,NA,NA,NA,NA,NA,NA,NA,NA,NA,NA,NA,NA,NA,NA,NA,NA,NA,NA,NA,NA,NA,NA,NA,NA,NA,qt,NA,3
56b99,check continue,flow.Sequence,9_0_4,NA,NA,skipped,NA,4296035.8000001,NA,NA,4295989.6,4296035.8000001,2024-05-07T09:30:23Z,4296337.9,NA,NA,NA,NA,NA,NA,NA,NA,NA,NA,NA,NA,NA,NA,NA,NA,NA,NA,NA,NA,NA,NA,NA,NA,NA,NA,sd,NA,4
56b99,check continue,flow.Sequence,9_0_5,NA,NA,skipped,NA,4296049,NA,NA,4295989.6,4296049.1,2024-05-07T09:30:23Z,4296337.9,NA,NA,NA,NA,NA,NA,NA,NA,NA,NA,NA,NA,NA,NA,NA,NA,NA,NA,NA,NA,NA,NA,NA,NA,NA,NA,sdf,NA,5
56b99,check continue,flow.Sequence,9_0_6,NA,NA,skipped,NA,4296061.2,NA,NA,4295989.6,4296061.3000001,2024-05-07T09:30:23Z,4296337.9,NA,NA,NA,NA,NA,NA,NA,NA,NA,NA,NA,NA,NA,NA,NA,NA,NA,NA,NA,NA,NA,NA,NA,NA,NA,NA,dfs,NA,6
56b99,check continue,flow.Sequence,9_0_7,NA,NA,skipped,NA,4296072.8000001,NA,NA,4295989.6,4296072.9,2024-05-07T09:30:23Z,4296337.9,NA,NA,NA,NA,NA,NA,NA,NA,NA,NA,NA,NA,NA,NA,NA,NA,NA,NA,NA,NA,NA,NA,NA,NA,NA,NA,df,NA,7
56b99,check continue,flow.Sequence,9_0_8,NA,NA,skipped,NA,4296083.9,NA,NA,4295989.6,4296084,2024-05-07T09:30:23Z,4296337.9,NA,NA,NA,NA,NA,NA,NA,NA,NA,NA,NA,NA,NA,NA,NA,NA,NA,NA,NA,NA,NA,NA,NA,NA,NA,NA,dfs,NA,8
56b99,check continue,flow.Sequence,9_0_9,NA,NA,skipped,NA,4296095.1,NA,NA,4295989.6,4296095.2,2024-05-07T09:30:23Z,4296337.9,NA,NA,NA,NA,NA,NA,NA,NA,NA,NA,NA,NA,NA,NA,NA,NA,NA,NA,NA,NA,NA,NA,NA,NA,NA,NA,dsf,NA,9
56b99,check continue,flow.Sequence,9_0_10,NA,NA,skipped,NA,4296106.8000001,NA,NA,4295989.6,4296106.9,2024-05-07T09:30:23Z,4296337.9,NA,NA,NA,NA,NA,NA,NA,NA,NA,NA,NA,NA,NA,NA,NA,NA,NA,NA,NA,NA,NA,NA,NA,NA,NA,NA,df,NA,10
56b99,check continue,flow.Sequence,9_0_11,NA,NA,skipped,NA,4296118.7,NA,NA,4295989.6,4296118.7,2024-05-07T09:30:23Z,4296337.9,NA,NA,NA,NA,NA,NA,NA,NA,NA,NA,NA,NA,NA,NA,NA,NA,NA,NA,NA,NA,NA,NA,NA,NA,NA,NA,dfs,NA,11
56b99,check continue,flow.Sequence,9_0_12,NA,NA,skipped,NA,4296130.3000001,NA,NA,4295989.6,4296130.6,2024-05-07T09:30:23Z,4296337.9,NA,NA,NA,NA,NA,NA,NA,NA,NA,NA,NA,NA,NA,NA,NA,NA,NA,NA,NA,NA,NA,NA,NA,NA,NA,NA,dsf,NA,12
56b99,check continue,flow.Sequence,9_0_13,NA,NA,skipped,NA,4296141.3000001,NA,NA,4295989.6,4296141.4,2024-05-07T09:30:23Z,4296337.9,NA,NA,NA,NA,NA,NA,NA,NA,NA,NA,NA,NA,NA,NA,NA,NA,NA,NA,NA,NA,NA,NA,NA,NA,NA,NA,dsf,NA,13
56b99,check continue,flow.Sequence,9_0_14,NA,NA,skipped,NA,4296151.9,NA,NA,4295989.6,4296152,2024-05-07T09:30:23Z,4296337.9,NA,NA,NA,NA,NA,NA,NA,NA,NA,NA,NA,NA,NA,NA,NA,NA,NA,NA,NA,NA,NA,NA,NA,NA,NA,NA,NA,NA,14
56b99,check continue,flow.Sequence,9_0_15,NA,NA,skipped,NA,4296162.8000001,NA,NA,4295989.6,4296162.8000001,2024-05-07T09:30:23Z,4296337.9,NA,NA,NA,NA,NA,NA,NA,NA,NA,NA,NA,NA,NA,NA,NA,NA,NA,NA,NA,NA,NA,NA,NA,NA,NA,NA,NA,NA,15
56b99,check continue,flow.Sequence,9_0_16,NA,NA,skipped,NA,4296174.7,NA,NA,4295989.6,4296174.8000001,2024-05-07T09:30:23Z,4296337.9,NA,NA,NA,NA,NA,NA,NA,NA,NA,NA,NA,NA,NA,NA,NA,NA,NA,NA,NA,NA,NA,NA,NA,NA,NA,NA,NA,NA,16
56b99,check continue,flow.Sequence,9_0_17,NA,NA,skipped,NA,4296185.6,NA,NA,4295989.6,4296185.6,2024-05-07T09:30:23Z,4296337.9,NA,NA,NA,NA,NA,NA,NA,NA,NA,NA,NA,NA,NA,NA,NA,NA,NA,NA,NA,NA,NA,NA,NA,NA,NA,NA,NA,NA,17
56b99,check continue,flow.Sequence,9_0_18,NA,NA,skipped,NA,4296198.4,NA,NA,4295989.6,4296198.5,2024-05-07T09:30:23Z,4296337.9,NA,NA,NA,NA,NA,NA,NA,NA,NA,NA,NA,NA,NA,NA,NA,NA,NA,NA,NA,NA,NA,NA,NA,NA,NA,NA,NA,NA,18
56b99,check continue,flow.Sequence,9_0_19,NA,NA,skipped,NA,4296208.8000001,NA,NA,4295989.6,4296208.8000001,2024-05-07T09:30:23Z,4296337.9,NA,NA,NA,NA,NA,NA,NA,NA,NA,NA,NA,NA,NA,NA,NA,NA,NA,NA,NA,NA,NA,NA,NA,NA,NA,NA,NA,NA,19
56b99,check continue,flow.Sequence,9_0_20,NA,NA,skipped,NA,4296220.5,NA,NA,4295989.6,4296220.5,2024-05-07T09:30:23Z,4296337.9,NA,NA,NA,NA,NA,NA,NA,NA,NA,NA,NA,NA,NA,NA,NA,NA,NA,NA,NA,NA,NA,NA,NA,NA,NA,NA,NA,NA,20
56b99,check continue,flow.Sequence,9_0_21,NA,NA,skipped,NA,4296232,NA,NA,4295989.6,4296232.1,2024-05-07T09:30:23Z,4296337.9,NA,NA,NA,NA,NA,NA,NA,NA,NA,NA,NA,NA,NA,NA,NA,NA,NA,NA,NA,NA,NA,NA,NA,NA,NA,NA,NA,NA,21
56b99,check continue,flow.Sequence,9_0_22,NA,NA,skipped,NA,4296243,NA,NA,4295989.6,4296243,2024-05-07T09:30:23Z,4296337.9,NA,NA,NA,NA,NA,NA,NA,NA,NA,NA,NA,NA,NA,NA,NA,NA,NA,NA,NA,NA,NA,NA,NA,NA,NA,NA,NA,NA,22
56b99,check continue,flow.Sequence,9_0_23,NA,NA,skipped,NA,4296254.9,NA,NA,4295989.6,4296255.1,2024-05-07T09:30:23Z,4296337.9,NA,NA,NA,NA,NA,NA,NA,NA,NA,NA,NA,NA,NA,NA,NA,NA,NA,NA,NA,NA,NA,NA,NA,NA,NA,NA,NA,NA,23
56b99,check continue,flow.Sequence,9_0_24,NA,NA,skipped,NA,4296265.4,NA,NA,4295989.6,4296265.5,2024-05-07T09:30:23Z,4296337.9,NA,NA,NA,NA,NA,NA,NA,NA,NA,NA,NA,NA,NA,NA,NA,NA,NA,NA,NA,NA,NA,NA,NA,NA,NA,NA,NA,NA,24
56b99,check continue,flow.Sequence,9_0_25,NA,NA,skipped,NA,4296277.1,NA,NA,4295989.6,4296277.2,2024-05-07T09:30:23Z,4296337.9,NA,NA,NA,NA,NA,NA,NA,NA,NA,NA,NA,NA,NA,NA,NA,NA,NA,NA,NA,NA,NA,NA,NA,NA,NA,NA,NA,NA,25
56b99,check continue,flow.Sequence,9_0_26,NA,NA,skipped,NA,4296288.2,NA,NA,4295989.6,4296288.4,2024-05-07T09:30:23Z,4296337.9,NA,NA,NA,NA,NA,NA,NA,NA,NA,NA,NA,NA,NA,NA,NA,NA,NA,NA,NA,NA,NA,NA,NA,NA,NA,NA,NA,NA,26
56b99,check continue,flow.Sequence,9_0_27,NA,NA,skipped,NA,4296299.8000001,NA,NA,4295989.6,4296299.8000001,2024-05-07T09:30:24Z,4296337.9,NA,NA,NA,NA,NA,NA,NA,NA,NA,NA,NA,NA,NA,NA,NA,NA,NA,NA,NA,NA,NA,NA,NA,NA,NA,NA,NA,NA,27
56b99,check continue,flow.Sequence,9_0_28,NA,NA,skipped,NA,4296311.6,NA,NA,4295989.6,4296311.8000001,2024-05-07T09:30:24Z,4296337.9,NA,NA,NA,NA,NA,NA,NA,NA,NA,NA,NA,NA,NA,NA,NA,NA,NA,NA,NA,NA,NA,NA,NA,NA,NA,NA,NA,NA,28
56b99,check continue,flow.Sequence,9_0_29,NA,NA,skipped,NA,4296336.5,NA,NA,4295989.6,4296336.6,2024-05-07T09:30:24Z,4296337.9,NA,NA,NA,NA,NA,NA,NA,NA,NA,NA,NA,NA,NA,NA,NA,NA,NA,NA,NA,NA,NA,NA,NA,NA,NA,NA,NA,NA,29
56b99,until continue,flow.Loop,9_0,NA,NA,completion,260758.50000002,4035200.8000001,4035200.192,4035231.1,4295989.6,4296336.7,2024-05-07T09:30:24Z,4296337.9,NA,NA,NA,NA,NA,NA,NA,NA,NA,NA,NA,NA,NA,NA,NA,NA,NA,NA,NA,NA,NA,NA,NA,NA,NA,NA,NA,NA,NA
56b99,block 4,flow.Sequence,9,NA,NA,completion,260758.50000002,4035200.8000001,4035200.192,4035231.1,4295989.6,4296336.8000001,2024-05-07T09:30:24Z,4296337.9,NA,NA,NA,NA,NA,NA,NA,NA,NA,NA,NA,NA,NA,NA,NA,NA,NA,NA,NA,NA,NA,NA,NA,NA,NA,NA,NA,NA,NA
56b99,Distractor Task Intro,canvas.Screen,10,weiter,keypress(q),response,15109.1,4296336.8000001,4296322.132,4296337.9,4311447,4311448.2,2024-05-07T09:30:39Z,4311462,NA,NA,NA,NA,NA,NA,NA,NA,NA,NA,NA,NA,NA,NA,NA,NA,NA,NA,NA,NA,NA,NA,NA,NA,NA,NA,NA,NA,NA
56b99,Distractor Task,canvas.Screen,11,NA,NA,timeout,29998.4,4311448.4,4311447.5,4311462,4341444.1,4341445,2024-05-07T09:31:09Z,4341460.4,NA,NA,NA,NA,NA,NA,NA,NA,NA,NA,NA,NA,NA,NA,NA,NA,NA,NA,NA,NA,NA,NA,NA,NA,NA,NA,NA,NA,NA
56b99,Introduction Retrieval,canvas.Screen,12,weiter,keypress(q),response,24670.900000071,4341445.3000001,4341444.1,4341460.4,4366131.3000001,4366132.2,2024-05-07T09:31:33Z,4366145.4,NA,NA,NA,NA,NA,NA,NA,NA,NA,NA,NA,NA,NA,NA,NA,NA,NA,NA,NA,NA,NA,NA,NA,NA,NA,NA,NA,NA,NA
56b99,Deep Question,html.Page,13_0_0_0_0,mapendano,NA,form submission,45825.300000047,4366132.5,4366126.08,4366145.4,4411970.7,4411971,2024-05-07T09:32:19Z,4411984.6,NA,NA,NA,NA,NA,NA,NA,NA,NA,NA,NA,NA,NA,NA,NA,NA,NA,NA,NA,NA,Vorsorge,tahadhari,d,NA,NA,NA,NA,NA,NA
56b99,Save data screen,canvas.Screen,13_0_0_0_1,NA,NA,timeout,499.10000000056,4411974.2,4411968.116,4411984.6,4412467.6,4412468.5,2024-05-07T09:32:20Z,4412483.7,NA,NA,NA,NA,NA,NA,NA,NA,NA,NA,NA,NA,NA,NA,NA,NA,NA,NA,NA,NA,Vorsorge,tahadhari,d,NA,NA,NA,NA,0,NA
56b99,deep,flow.Sequence,13_0_0_0,NA,NA,completion,46322.199999999,4366132.5,4366126.08,4366145.4,4412467.6,4412468.8000001,2024-05-07T09:32:20Z,4412483.7,NA,NA,NA,NA,NA,NA,NA,NA,NA,NA,NA,NA,NA,NA,NA,NA,NA,NA,NA,NA,Vorsorge,tahadhari,d,NA,NA,NA,NA,NA,NA
56b99,task,flow.Sequence,13_0_0,NA,NA,completion,46322.199999999,4366132.5,4366126.08,4366145.4,4412467.6,4412470,2024-05-07T09:32:20Z,4412483.7,NA,NA,NA,NA,NA,NA,NA,NA,NA,NA,NA,NA,NA,NA,NA,NA,NA,NA,NA,NA,Vorsorge,tahadhari,d,NA,NA,NA,NA,NA,NA
56b99,Deep Question,html.Page,13_0_1_0_0,kiho,NA,form submission,66449.3,4412470.4,4412467.6,4412483.7,4478933,4478933.2,2024-05-07T09:33:26Z,4478943.5,NA,NA,NA,NA,NA,NA,NA,NA,NA,NA,NA,NA,NA,NA,NA,NA,NA,NA,NA,NA,Widerstand,usulubu,d,NA,NA,NA,NA,NA,NA
56b99,Save data screen,canvas.Screen,13_0_1_0_1,NA,NA,timeout,499.90000000037,4478936.3000001,4478926.826,4478943.5,4479426.8,4479427.2,2024-05-07T09:33:27Z,4479443.4,NA,NA,NA,NA,NA,NA,NA,NA,NA,NA,NA,NA,NA,NA,NA,NA,NA,NA,NA,NA,Widerstand,usulubu,d,NA,NA,NA,NA,0,NA
56b99,deep,flow.Sequence,13_0_1_0,NA,NA,completion,66943.1,4412470.3000001,4412467.6,4412483.7,4479426.8,4479427.3000001,2024-05-07T09:33:27Z,4479443.4,NA,NA,NA,NA,NA,NA,NA,NA,NA,NA,NA,NA,NA,NA,NA,NA,NA,NA,NA,NA,Widerstand,usulubu,d,NA,NA,NA,NA,NA,NA
56b99,task,flow.Sequence,13_0_1,NA,NA,completion,66943.1,4412470.3000001,4412467.6,4412483.7,4479426.8,4479427.4,2024-05-07T09:33:27Z,4479443.4,NA,NA,NA,NA,NA,NA,NA,NA,NA,NA,NA,NA,NA,NA,NA,NA,NA,NA,NA,NA,Widerstand,usulubu,d,NA,NA,NA,NA,NA,NA
56b99,Deep Question,html.Page,13_0_2_0_0,s,NA,form submission,4451.9999999758,4479427.5,4479426.8,4479443.4,4483895.4,4483895.6,2024-05-07T09:33:31Z,4483907.1,NA,NA,NA,NA,NA,NA,NA,NA,NA,NA,NA,NA,NA,NA,NA,NA,NA,NA,NA,NA,Auftrag,uagizaji,d,NA,NA,NA,NA,NA,NA
56b99,Save data screen,canvas.Screen,13_0_2_0_1,NA,NA,timeout,499.30000000075,4483896.3000001,4483891.078,4483907.1,4484389.9,4484393.2,2024-05-07T09:33:32Z,4484406.4,NA,NA,NA,NA,NA,NA,NA,NA,NA,NA,NA,NA,NA,NA,NA,NA,NA,NA,NA,NA,Auftrag,uagizaji,d,NA,NA,NA,NA,0,NA
56b99,deep,flow.Sequence,13_0_2_0,NA,NA,completion,4946.5,4479427.5,4479426.8,4479443.4,4484389.9,4484393.8000001,2024-05-07T09:33:32Z,4484406.4,NA,NA,NA,NA,NA,NA,NA,NA,NA,NA,NA,NA,NA,NA,NA,NA,NA,NA,NA,NA,Auftrag,uagizaji,d,NA,NA,NA,NA,NA,NA
56b99,task,flow.Sequence,13_0_2,NA,NA,completion,4946.5,4479427.5,4479426.8,4479443.4,4484389.9,4484394.2,2024-05-07T09:33:32Z,4484406.4,NA,NA,NA,NA,NA,NA,NA,NA,NA,NA,NA,NA,NA,NA,NA,NA,NA,NA,NA,NA,Auftrag,uagizaji,d,NA,NA,NA,NA,NA,NA
56b99,Deep Question,html.Page,13_0_3_0_0,f,NA,form submission,4858.9000000712,4484394.6,4484389.9,4484406.4,4489265.3000001,4489265.5,2024-05-07T09:33:36Z,4489270.1,NA,NA,NA,NA,NA,NA,NA,NA,NA,NA,NA,NA,NA,NA,NA,NA,NA,NA,NA,NA,Konkurrent,mshindani,d,NA,NA,NA,NA,NA,NA
56b99,Save data screen,canvas.Screen,13_0_3_0_1,NA,NA,timeout,499.70000000019,4489268.3000001,4489254.258,4489270.1,4489753.2,4489753.6,2024-05-07T09:33:37Z,4489769.8,NA,NA,NA,NA,NA,NA,NA,NA,NA,NA,NA,NA,NA,NA,NA,NA,NA,NA,NA,NA,Konkurrent,mshindani,d,NA,NA,NA,NA,0,NA
56b99,deep,flow.Sequence,13_0_3_0,NA,NA,completion,5346.7999999998,4484394.5,4484389.9,4484406.4,4489753.2,4489753.8000001,2024-05-07T09:33:37Z,4489769.8,NA,NA,NA,NA,NA,NA,NA,NA,NA,NA,NA,NA,NA,NA,NA,NA,NA,NA,NA,NA,Konkurrent,mshindani,d,NA,NA,NA,NA,NA,NA
56b99,task,flow.Sequence,13_0_3,NA,NA,completion,5346.7999999998,4484394.4,4484389.9,4484406.4,4489753.2,4489753.9,2024-05-07T09:33:37Z,4489769.8,NA,NA,NA,NA,NA,NA,NA,NA,NA,NA,NA,NA,NA,NA,NA,NA,NA,NA,NA,NA,Konkurrent,mshindani,d,NA,NA,NA,NA,NA,NA
56b99,Deep Question,html.Page,13_0_4_0_0,ufahamu,NA,form submission,66348.900000048,4489754.1,4489753.2,4489769.8,4556118.7,4556119,2024-05-07T09:34:43Z,4556129.8,NA,NA,NA,NA,NA,NA,NA,NA,NA,NA,NA,NA,NA,NA,NA,NA,NA,NA,NA,NA,Verstand,ufahamivu,d,NA,NA,NA,NA,NA,NA
56b99,Save data screen,canvas.Screen,13_0_4_0_1,NA,NA,timeout,499.29999999981,4556120.3000001,4556113.388,4556129.8,4556612.7,4556613.7,2024-05-07T09:34:44Z,4556629.1,NA,NA,NA,NA,NA,NA,NA,NA,NA,NA,NA,NA,NA,NA,NA,NA,NA,NA,NA,NA,Verstand,ufahamivu,d,NA,NA,NA,NA,0,NA
56b99,deep,flow.Sequence,13_0_4_0,NA,NA,completion,66842.9,4489754,4489753.2,4489769.8,4556612.7,4556614,2024-05-07T09:34:44Z,4556629.1,NA,NA,NA,NA,NA,NA,NA,NA,NA,NA,NA,NA,NA,NA,NA,NA,NA,NA,NA,NA,Verstand,ufahamivu,d,NA,NA,NA,NA,NA,NA
56b99,task,flow.Sequence,13_0_4,NA,NA,completion,66842.9,4489754,4489753.2,4489769.8,4556612.7,4556614.3000001,2024-05-07T09:34:44Z,4556629.1,NA,NA,NA,NA,NA,NA,NA,NA,NA,NA,NA,NA,NA,NA,NA,NA,NA,NA,NA,NA,Verstand,ufahamivu,d,NA,NA,NA,NA,NA,NA
56b99,Deep Question,html.Page,13_0_5_0_0,ushindani,NA,form submission,46676.200000072,4556614.5,4556612.7,4556629.1,4603305.3000001,4603305.5,2024-05-07T09:35:31Z,4603317.2,NA,NA,NA,NA,NA,NA,NA,NA,NA,NA,NA,NA,NA,NA,NA,NA,NA,NA,NA,NA,Wettbewerb,ushindani,d,NA,NA,NA,NA,NA,NA
56b99,Save data screen,canvas.Screen,13_0_5_0_1,NA,NA,timeout,500.20000000019,4603308.3000001,4603301.224,4603317.2,4603800.5,4603802.3000001,2024-05-07T09:35:31Z,4603817.4,NA,NA,NA,NA,NA,NA,NA,NA,NA,NA,NA,NA,NA,NA,NA,NA,NA,NA,NA,NA,Wettbewerb,ushindani,d,NA,NA,NA,NA,1,NA
56b99,deep,flow.Sequence,13_0_5_0,NA,NA,completion,47171.4,4556614.4,4556612.7,4556629.1,4603800.5,4603802.9,2024-05-07T09:35:31Z,4603817.4,NA,NA,NA,NA,NA,NA,NA,NA,NA,NA,NA,NA,NA,NA,NA,NA,NA,NA,NA,NA,Wettbewerb,ushindani,d,NA,NA,NA,NA,NA,NA
56b99,task,flow.Sequence,13_0_5,NA,NA,completion,47171.4,4556614.4,4556612.7,4556629.1,4603800.5,4603803,2024-05-07T09:35:31Z,4603817.4,NA,NA,NA,NA,NA,NA,NA,NA,NA,NA,NA,NA,NA,NA,NA,NA,NA,NA,NA,NA,Wettbewerb,ushindani,d,NA,NA,NA,NA,NA,NA
56b99,Deep Question,html.Page,13_0_6_0_0,malehewo,NA,form submission,16233.6,4603803.3000001,4603800.5,4603817.4,4620051,4620051.2,2024-05-07T09:35:47Z,4620057.1,NA,NA,NA,NA,NA,NA,NA,NA,NA,NA,NA,NA,NA,NA,NA,NA,NA,NA,NA,NA,Zuwachs,nyongeza,d,NA,NA,NA,NA,NA,NA
56b99,Save data screen,canvas.Screen,13_0_6_0_1,NA,NA,timeout,500.10000000056,4620054.1,4620041.15,4620057.1,4620540.4,4620541.3000001,2024-05-07T09:35:48Z,4620557.2,NA,NA,NA,NA,NA,NA,NA,NA,NA,NA,NA,NA,NA,NA,NA,NA,NA,NA,NA,NA,Zuwachs,nyongeza,d,NA,NA,NA,NA,0,NA
56b99,deep,flow.Sequence,13_0_6_0,NA,NA,completion,16723,4603803.3000001,4603800.5,4603817.4,4620540.4,4620541.6,2024-05-07T09:35:48Z,4620557.2,NA,NA,NA,NA,NA,NA,NA,NA,NA,NA,NA,NA,NA,NA,NA,NA,NA,NA,NA,NA,Zuwachs,nyongeza,d,NA,NA,NA,NA,NA,NA
56b99,task,flow.Sequence,13_0_6,NA,NA,completion,16723,4603803.3000001,4603800.5,4603817.4,4620540.4,4620541.8000001,2024-05-07T09:35:48Z,4620557.2,NA,NA,NA,NA,NA,NA,NA,NA,NA,NA,NA,NA,NA,NA,NA,NA,NA,NA,NA,NA,Zuwachs,nyongeza,d,NA,NA,NA,NA,NA,NA
56b99,Deep Question,html.Page,13_0_7_0_0,mhangori,NA,form submission,26215.8,4620542.1,4620540.4,4620557.2,4646773,4646773.2,2024-05-07T09:36:14Z,4646774.85,NA,NA,NA,NA,NA,NA,NA,NA,NA,NA,NA,NA,NA,NA,NA,NA,NA,NA,NA,NA,Polizist,msongora,d,NA,NA,NA,NA,NA,NA
56b99,Save data screen,canvas.Screen,13_0_7_0_1,NA,NA,timeout,498.85000000056,4646776.1,4646774.85,4646774.85,4647257.4,4647258.2,2024-05-07T09:36:14Z,4647273.7,NA,NA,NA,NA,NA,NA,NA,NA,NA,NA,NA,NA,NA,NA,NA,NA,NA,NA,NA,NA,Polizist,msongora,d,NA,NA,NA,NA,0,NA
56b99,deep,flow.Sequence,13_0_7_0,NA,NA,completion,26700.2,4620542,4620540.4,4620557.2,4647257.4,4647258.6,2024-05-07T09:36:14Z,4647273.7,NA,NA,NA,NA,NA,NA,NA,NA,NA,NA,NA,NA,NA,NA,NA,NA,NA,NA,NA,NA,Polizist,msongora,d,NA,NA,NA,NA,NA,NA
56b99,task,flow.Sequence,13_0_7,NA,NA,completion,26700.2,4620542,4620540.4,4620557.2,4647257.4,4647258.8000001,2024-05-07T09:36:14Z,4647273.7,NA,NA,NA,NA,NA,NA,NA,NA,NA,NA,NA,NA,NA,NA,NA,NA,NA,NA,NA,NA,Polizist,msongora,d,NA,NA,NA,NA,NA,NA
56b99,Deep Question,html.Page,13_0_8_0_0,mahanani,NA,form submission,44003.900000024,4647259,4647257.4,4647273.7,4691277.6,4691277.8000001,2024-05-07T09:36:58Z,4691280.786,NA,NA,NA,NA,NA,NA,NA,NA,NA,NA,NA,NA,NA,NA,NA,NA,NA,NA,NA,NA,Zufall,kikuti,d,NA,NA,NA,NA,NA,NA
56b99,Save data screen,canvas.Screen,13_0_8_0_1,NA,NA,timeout,499.11400000006,4691280.8000001,4691280.786,4691280.786,4691763.8,4691764.4,2024-05-07T09:36:59Z,4691779.9,NA,NA,NA,NA,NA,NA,NA,NA,NA,NA,NA,NA,NA,NA,NA,NA,NA,NA,NA,NA,Zufall,kikuti,d,NA,NA,NA,NA,0,NA
56b99,deep,flow.Sequence,13_0_8_0,NA,NA,completion,44490.1,4647258.9,4647257.4,4647273.7,4691763.8,4691764.6,2024-05-07T09:36:59Z,4691779.9,NA,NA,NA,NA,NA,NA,NA,NA,NA,NA,NA,NA,NA,NA,NA,NA,NA,NA,NA,NA,Zufall,kikuti,d,NA,NA,NA,NA,NA,NA
56b99,task,flow.Sequence,13_0_8,NA,NA,completion,44490.1,4647258.9,4647257.4,4647273.7,4691763.8,4691764.8000001,2024-05-07T09:36:59Z,4691779.9,NA,NA,NA,NA,NA,NA,NA,NA,NA,NA,NA,NA,NA,NA,NA,NA,NA,NA,NA,NA,Zufall,kikuti,d,NA,NA,NA,NA,NA,NA
56b99,Deep Question,html.Page,13_0_9_0_0,s,NA,form submission,40961.1,4691764.8000001,4691763.8,4691779.9,4732741,4732741.2,2024-05-07T09:37:40Z,4732755.2,NA,NA,NA,NA,NA,NA,NA,NA,NA,NA,NA,NA,NA,NA,NA,NA,NA,NA,NA,NA,Gelegenheit,wakati,d,NA,NA,NA,NA,NA,NA
56b99,Save data screen,canvas.Screen,13_0_9_0_1,NA,NA,timeout,499.5,4732744.1,4732739.048,4732755.2,4733238.1,4733238.9,2024-05-07T09:37:40Z,4733254.7,NA,NA,NA,NA,NA,NA,NA,NA,NA,NA,NA,NA,NA,NA,NA,NA,NA,NA,NA,NA,Gelegenheit,wakati,d,NA,NA,NA,NA,0,NA
56b99,deep,flow.Sequence,13_0_9_0,NA,NA,completion,41458.199999999,4691764.8000001,4691763.8,4691779.9,4733238.1,4733239.1,2024-05-07T09:37:40Z,4733254.7,NA,NA,NA,NA,NA,NA,NA,NA,NA,NA,NA,NA,NA,NA,NA,NA,NA,NA,NA,NA,Gelegenheit,wakati,d,NA,NA,NA,NA,NA,NA
56b99,task,flow.Sequence,13_0_9,NA,NA,completion,41458.199999999,4691764.8000001,4691763.8,4691779.9,4733238.1,4733239.3000001,2024-05-07T09:37:40Z,4733254.7,NA,NA,NA,NA,NA,NA,NA,NA,NA,NA,NA,NA,NA,NA,NA,NA,NA,NA,NA,NA,Gelegenheit,wakati,d,NA,NA,NA,NA,NA,NA
56b99,Deep Question,html.Page,13_0_10_0_0,usuti,NA,form submission,40808.699999976,4733239.5,4733238.1,4733254.7,4774063.4,4774063.7,2024-05-07T09:38:21Z,4774080.1,NA,NA,NA,NA,NA,NA,NA,NA,NA,NA,NA,NA,NA,NA,NA,NA,NA,NA,NA,NA,Schönheit,kirembo,d,NA,NA,NA,NA,NA,NA
56b99,Save data screen,canvas.Screen,13_0_10_0_1,NA,NA,timeout,499.70000000019,4774066.5,4774063.848,4774080.1,4774563.1,4774564.9,2024-05-07T09:38:22Z,4774579.8,NA,NA,NA,NA,NA,NA,NA,NA,NA,NA,NA,NA,NA,NA,NA,NA,NA,NA,NA,NA,Schönheit,kirembo,d,NA,NA,NA,NA,0,NA
56b99,deep,flow.Sequence,13_0_10_0,NA,NA,completion,41308.399999999,4733239.5,4733238.1,4733254.7,4774563.1,4774565.2,2024-05-07T09:38:22Z,4774579.8,NA,NA,NA,NA,NA,NA,NA,NA,NA,NA,NA,NA,NA,NA,NA,NA,NA,NA,NA,NA,Schönheit,kirembo,d,NA,NA,NA,NA,NA,NA
56b99,task,flow.Sequence,13_0_10,NA,NA,completion,41308.399999999,4733239.5,4733238.1,4733254.7,4774563.1,4774565.4,2024-05-07T09:38:22Z,4774579.8,NA,NA,NA,NA,NA,NA,NA,NA,NA,NA,NA,NA,NA,NA,NA,NA,NA,NA,NA,NA,Schönheit,kirembo,d,NA,NA,NA,NA,NA,NA
56b99,Deep Question,html.Page,13_0_11_0_0,renzt,NA,form submission,38097.7,4774565.5,4774563.1,4774579.8,4812677.5,4812677.7,2024-05-07T09:39:00Z,4812689.9,NA,NA,NA,NA,NA,NA,NA,NA,NA,NA,NA,NA,NA,NA,NA,NA,NA,NA,NA,NA,Symbol,kielezo,d,NA,NA,NA,NA,NA,NA
56b99,Save data screen,canvas.Screen,13_0_11_0_1,NA,NA,timeout,499.39999999944,4812680.5,4812676.256,4812689.9,4813172.8,4813173.7,2024-05-07T09:39:00Z,4813189.3,NA,NA,NA,NA,NA,NA,NA,NA,NA,NA,NA,NA,NA,NA,NA,NA,NA,NA,NA,NA,Symbol,kielezo,d,NA,NA,NA,NA,0,NA
56b99,deep,flow.Sequence,13_0_11_0,NA,NA,completion,38593,4774565.5,4774563.1,4774579.8,4813172.8,4813174.1,2024-05-07T09:39:00Z,4813189.3,NA,NA,NA,NA,NA,NA,NA,NA,NA,NA,NA,NA,NA,NA,NA,NA,NA,NA,NA,NA,Symbol,kielezo,d,NA,NA,NA,NA,NA,NA
56b99,task,flow.Sequence,13_0_11,NA,NA,completion,38593,4774565.5,4774563.1,4774579.8,4813172.8,4813174.3000001,2024-05-07T09:39:00Z,4813189.3,NA,NA,NA,NA,NA,NA,NA,NA,NA,NA,NA,NA,NA,NA,NA,NA,NA,NA,NA,NA,Symbol,kielezo,d,NA,NA,NA,NA,NA,NA
56b99,Deep Question,html.Page,13_0_12_0_0,ergj,NA,form submission,7711.0000000717,4813174.4,4813172.8,4813189.3,4820900.3000001,4820900.4,2024-05-07T09:39:08Z,4820902.262,NA,NA,NA,NA,NA,NA,NA,NA,NA,NA,NA,NA,NA,NA,NA,NA,NA,NA,NA,NA,Ausschluss,kutengwa,d,NA,NA,NA,NA,NA,NA
56b99,Save data screen,canvas.Screen,13_0_12_0_1,NA,NA,timeout,498.83799999952,4820901.9,4820902.262,4820902.262,4821384.7,4821385.6,2024-05-07T09:39:09Z,4821401.1,NA,NA,NA,NA,NA,NA,NA,NA,NA,NA,NA,NA,NA,NA,NA,NA,NA,NA,NA,NA,Ausschluss,kutengwa,d,NA,NA,NA,NA,0,NA
56b99,deep,flow.Sequence,13_0_12_0,NA,NA,completion,8195.4000000004,4813174.4,4813172.8,4813189.3,4821384.7,4821385.9,2024-05-07T09:39:09Z,4821401.1,NA,NA,NA,NA,NA,NA,NA,NA,NA,NA,NA,NA,NA,NA,NA,NA,NA,NA,NA,NA,Ausschluss,kutengwa,d,NA,NA,NA,NA,NA,NA
56b99,task,flow.Sequence,13_0_12,NA,NA,completion,8195.4000000004,4813174.4,4813172.8,4813189.3,4821384.7,4821386.1,2024-05-07T09:39:09Z,4821401.1,NA,NA,NA,NA,NA,NA,NA,NA,NA,NA,NA,NA,NA,NA,NA,NA,NA,NA,NA,NA,Ausschluss,kutengwa,d,NA,NA,NA,NA,NA,NA
56b99,Deep Question,html.Page,13_0_13_0_0,ertg,NA,form submission,24456.4,4821386.3000001,4821384.7,4821401.1,4845857.5,4845857.8000001,2024-05-07T09:39:33Z,4845869.6,NA,NA,NA,NA,NA,NA,NA,NA,NA,NA,NA,NA,NA,NA,NA,NA,NA,NA,NA,NA,Beweis,ushahidi,d,NA,NA,NA,NA,NA,NA
56b99,Save data screen,canvas.Screen,13_0_13_0_1,NA,NA,timeout,499.5,4845860.8000001,4845854.962,4845869.6,4846352.6,4846353.5,2024-05-07T09:39:34Z,4846369.1,NA,NA,NA,NA,NA,NA,NA,NA,NA,NA,NA,NA,NA,NA,NA,NA,NA,NA,NA,NA,Beweis,ushahidi,d,NA,NA,NA,NA,0,NA
56b99,deep,flow.Sequence,13_0_13_0,NA,NA,completion,24951.5,4821386.3000001,4821384.7,4821401.1,4846352.6,4846354,2024-05-07T09:39:34Z,4846369.1,NA,NA,NA,NA,NA,NA,NA,NA,NA,NA,NA,NA,NA,NA,NA,NA,NA,NA,NA,NA,Beweis,ushahidi,d,NA,NA,NA,NA,NA,NA
56b99,task,flow.Sequence,13_0_13,NA,NA,completion,24951.5,4821386.2,4821384.7,4821401.1,4846352.6,4846354.1,2024-05-07T09:39:34Z,4846369.1,NA,NA,NA,NA,NA,NA,NA,NA,NA,NA,NA,NA,NA,NA,NA,NA,NA,NA,NA,NA,Beweis,ushahidi,d,NA,NA,NA,NA,NA,NA
56b99,Deep Question,html.Page,13_0_14_0_0,klou,NA,form submission,16800.4,4846354.3000001,4846352.6,4846369.1,4863169.5,4863169.7,2024-05-07T09:39:50Z,4863175.4,NA,NA,NA,NA,NA,NA,NA,NA,NA,NA,NA,NA,NA,NA,NA,NA,NA,NA,NA,NA,Annäherung,maegesho,d,NA,NA,NA,NA,NA,NA
56b99,Save data screen,canvas.Screen,13_0_14_0_1,NA,NA,timeout,499.59999999963,4863172.6,4863159.362,4863175.4,4863658.4,4863659.7,2024-05-07T09:39:51Z,4863675,NA,NA,NA,NA,NA,NA,NA,NA,NA,NA,NA,NA,NA,NA,NA,NA,NA,NA,NA,NA,Annäherung,maegesho,d,NA,NA,NA,NA,0,NA
56b99,deep,flow.Sequence,13_0_14_0,NA,NA,completion,17289.300000001,4846354.3000001,4846352.6,4846369.1,4863658.4,4863660,2024-05-07T09:39:51Z,4863675,NA,NA,NA,NA,NA,NA,NA,NA,NA,NA,NA,NA,NA,NA,NA,NA,NA,NA,NA,NA,Annäherung,maegesho,d,NA,NA,NA,NA,NA,NA
56b99,task,flow.Sequence,13_0_14,NA,NA,completion,17289.300000001,4846354.3000001,4846352.6,4846369.1,4863658.4,4863660.2,2024-05-07T09:39:51Z,4863675,NA,NA,NA,NA,NA,NA,NA,NA,NA,NA,NA,NA,NA,NA,NA,NA,NA,NA,NA,NA,Annäherung,maegesho,d,NA,NA,NA,NA,NA,NA
56b99,Deep Question,html.Page,13_0_15_0_0,kil,NA,form submission,26638.600000024,4863660.4,4863658.4,4863675,4890313.6,4890313.8000001,2024-05-07T09:40:18Z,4890342.6,NA,NA,NA,NA,NA,NA,NA,NA,NA,NA,NA,NA,NA,NA,NA,NA,NA,NA,NA,NA,Sympathie,mapendano,d,NA,NA,NA,NA,NA,NA
56b99,Save data screen,canvas.Screen,13_0_15_0_1,NA,NA,timeout,499.80000000075,4890316.8000001,4890325.9,4890342.6,4890825.3,4890826.1,2024-05-07T09:40:18Z,4890842.4,NA,NA,NA,NA,NA,NA,NA,NA,NA,NA,NA,NA,NA,NA,NA,NA,NA,NA,NA,NA,Sympathie,mapendano,d,NA,NA,NA,NA,0,NA
56b99,deep,flow.Sequence,13_0_15_0,NA,NA,completion,27150.3,4863660.4,4863658.4,4863675,4890825.3,4890826.4,2024-05-07T09:40:18Z,4890842.4,NA,NA,NA,NA,NA,NA,NA,NA,NA,NA,NA,NA,NA,NA,NA,NA,NA,NA,NA,NA,Sympathie,mapendano,d,NA,NA,NA,NA,NA,NA
56b99,task,flow.Sequence,13_0_15,NA,NA,completion,27150.3,4863660.4,4863658.4,4863675,4890825.3,4890826.7,2024-05-07T09:40:18Z,4890842.4,NA,NA,NA,NA,NA,NA,NA,NA,NA,NA,NA,NA,NA,NA,NA,NA,NA,NA,NA,NA,Sympathie,mapendano,d,NA,NA,NA,NA,NA,NA
56b99,retrieval block 1 (cued recall),flow.Loop,13_0,NA,NA,completion,524679.9,4366132.4,4366126.08,4366145.4,4890825.3,4890826.9,2024-05-07T09:40:18Z,4890842.4,NA,NA,NA,NA,NA,NA,NA,NA,NA,NA,NA,NA,NA,NA,NA,NA,NA,NA,NA,NA,NA,NA,NA,NA,NA,NA,NA,NA,NA
56b99,Shallow Question,html.Page,13_1_0_0_0,ushahidi,NA,form submission,7802.5999999996,4890827.1,4890825.3,4890842.4,4898645,4898645.3000001,2024-05-07T09:40:26Z,4898670.3,NA,NA,NA,NA,NA,NA,NA,NA,NA,NA,NA,NA,NA,NA,NA,NA,NA,NA,NA,"c(""distractor1"", ""distractor2"", ""distractor3"")",Beweis,ushahidi,s,marudio,kizuizi,mtendaji,NA,NA,NA
56b99,Save data screen,canvas.Screen,13_1_0_0_1,NA,NA,timeout,500.10000000056,4898648.1,4898653.966,4898670.3,4899153.8,4899154.7,2024-05-07T09:40:26Z,4899170.4,NA,NA,NA,NA,NA,NA,NA,NA,NA,NA,NA,NA,NA,NA,NA,NA,NA,NA,NA,"c(""distractor1"", ""distractor2"", ""distractor3"")",Beweis,ushahidi,s,marudio,kizuizi,mtendaji,NA,1,NA
56b99,shallow,flow.Sequence,13_1_0_0,NA,NA,completion,8311.3999999994,4890827.1,4890825.3,4890842.4,4899153.8,4899155.1,2024-05-07T09:40:26Z,4899170.4,NA,NA,NA,NA,NA,NA,NA,NA,NA,NA,NA,NA,NA,NA,NA,NA,NA,NA,NA,"c(""distractor1"", ""distractor2"", ""distractor3"")",Beweis,ushahidi,s,marudio,kizuizi,mtendaji,NA,NA,NA
56b99,task,flow.Sequence,13_1_0,NA,NA,completion,8311.3999999994,4890827.1,4890825.3,4890842.4,4899153.8,4899155.2,2024-05-07T09:40:26Z,4899170.4,NA,NA,NA,NA,NA,NA,NA,NA,NA,NA,NA,NA,NA,NA,NA,NA,NA,NA,NA,"c(""distractor1"", ""distractor2"", ""distractor3"")",Beweis,ushahidi,s,marudio,kizuizi,mtendaji,NA,NA,NA
56b99,Shallow Question,html.Page,13_1_1_0_0,msukani,NA,form submission,8228.9999999758,4899155.4,4899153.8,4899170.4,4907399.4,4907399.6,2024-05-07T09:40:35Z,4907415.5,NA,NA,NA,NA,NA,NA,NA,NA,NA,NA,NA,NA,NA,NA,NA,NA,NA,NA,NA,"c(""distractor1"", ""distractor2"", ""distractor3"")",Auftrag,uagizaji,s,ghanima,kuzingatia,msukani,NA,NA,NA
56b99,Save data screen,canvas.Screen,13_1_1_0_1,NA,NA,timeout,499.20000000019,4907402.3000001,4907399.09,4907415.5,4907898.2,4907899,2024-05-07T09:40:35Z,4907914.7,NA,NA,NA,NA,NA,NA,NA,NA,NA,NA,NA,NA,NA,NA,NA,NA,NA,NA,NA,"c(""distractor1"", ""distractor2"", ""distractor3"")",Auftrag,uagizaji,s,ghanima,kuzingatia,msukani,NA,0,NA
56b99,shallow,flow.Sequence,13_1_1_0,NA,NA,completion,8727.7999999998,4899155.4,4899153.8,4899170.4,4907898.2,4907899.4,2024-05-07T09:40:35Z,4907914.7,NA,NA,NA,NA,NA,NA,NA,NA,NA,NA,NA,NA,NA,NA,NA,NA,NA,NA,NA,"c(""distractor1"", ""distractor2"", ""distractor3"")",Auftrag,uagizaji,s,ghanima,kuzingatia,msukani,NA,NA,NA
56b99,task,flow.Sequence,13_1_1,NA,NA,completion,8727.7999999998,4899155.3000001,4899153.8,4899170.4,4907898.2,4907899.5,2024-05-07T09:40:35Z,4907914.7,NA,NA,NA,NA,NA,NA,NA,NA,NA,NA,NA,NA,NA,NA,NA,NA,NA,NA,NA,"c(""distractor1"", ""distractor2"", ""distractor3"")",Auftrag,uagizaji,s,ghanima,kuzingatia,msukani,NA,NA,NA
56b99,Shallow Question,html.Page,13_1_2_0_0,kirembo,NA,form submission,15290.199999976,4907899.8000001,4907898.2,4907914.7,4923204.9,4923205.1,2024-05-07T09:40:50Z,4923206.088,NA,NA,NA,NA,NA,NA,NA,NA,NA,NA,NA,NA,NA,NA,NA,NA,NA,NA,NA,"c(""distractor1"", ""distractor2"", ""distractor3"")",Schönheit,kirembo,s,mahojiano,msisimko,jitihadi,NA,NA,NA
56b99,Save data screen,canvas.Screen,13_1_2_0_1,NA,NA,timeout,499.31199999992,4923208,4923206.088,4923206.088,4923688.5,4923689.3000001,2024-05-07T09:40:51Z,4923705.4,NA,NA,NA,NA,NA,NA,NA,NA,NA,NA,NA,NA,NA,NA,NA,NA,NA,NA,NA,"c(""distractor1"", ""distractor2"", ""distractor3"")",Schönheit,kirembo,s,mahojiano,msisimko,jitihadi,NA,1,NA
56b99,shallow,flow.Sequence,13_1_2_0,NA,NA,completion,15773.8,4907899.8000001,4907898.2,4907914.7,4923688.5,4923689.6,2024-05-07T09:40:51Z,4923705.4,NA,NA,NA,NA,NA,NA,NA,NA,NA,NA,NA,NA,NA,NA,NA,NA,NA,NA,NA,"c(""distractor1"", ""distractor2"", ""distractor3"")",Schönheit,kirembo,s,mahojiano,msisimko,jitihadi,NA,NA,NA
56b99,task,flow.Sequence,13_1_2,NA,NA,completion,15773.8,4907899.7,4907898.2,4907914.7,4923688.5,4923689.9,2024-05-07T09:40:51Z,4923705.4,NA,NA,NA,NA,NA,NA,NA,NA,NA,NA,NA,NA,NA,NA,NA,NA,NA,NA,NA,"c(""distractor1"", ""distractor2"", ""distractor3"")",Schönheit,kirembo,s,mahojiano,msisimko,jitihadi,NA,NA,NA
56b99,Shallow Question,html.Page,13_1_3_0_0,msongora,NA,form submission,5519.8000000473,4923690,4923688.5,4923705.4,4929225.2,4929225.5,2024-05-07T09:40:56Z,4929252.3,NA,NA,NA,NA,NA,NA,NA,NA,NA,NA,NA,NA,NA,NA,NA,NA,NA,NA,NA,"c(""distractor1"", ""distractor2"", ""distractor3"")",Polizist,msongora,s,simanzi,mandhari,nidhamu,NA,NA,NA
56b99,Save data screen,canvas.Screen,13_1_3_0_1,NA,NA,timeout,499.10000000056,4929228.1,4929235.5,4929252.3,4929735,4929735.9,2024-05-07T09:40:57Z,4929751.4,NA,NA,NA,NA,NA,NA,NA,NA,NA,NA,NA,NA,NA,NA,NA,NA,NA,NA,NA,"c(""distractor1"", ""distractor2"", ""distractor3"")",Polizist,msongora,s,simanzi,mandhari,nidhamu,NA,1,NA
56b99,shallow,flow.Sequence,13_1_3_0,NA,NA,completion,6029.5999999996,4923690,4923688.5,4923705.4,4929735,4929736.2,2024-05-07T09:40:57Z,4929751.4,NA,NA,NA,NA,NA,NA,NA,NA,NA,NA,NA,NA,NA,NA,NA,NA,NA,NA,NA,"c(""distractor1"", ""distractor2"", ""distractor3"")",Polizist,msongora,s,simanzi,mandhari,nidhamu,NA,NA,NA
56b99,task,flow.Sequence,13_1_3,NA,NA,completion,6029.5999999996,4923690,4923688.5,4923705.4,4929735,4929736.4,2024-05-07T09:40:57Z,4929751.4,NA,NA,NA,NA,NA,NA,NA,NA,NA,NA,NA,NA,NA,NA,NA,NA,NA,NA,NA,"c(""distractor1"", ""distractor2"", ""distractor3"")",Polizist,msongora,s,simanzi,mandhari,nidhamu,NA,NA,NA
56b99,Shallow Question,html.Page,13_1_4_0_0,mwenendo,NA,form submission,7267.7000000235,4929736.7,4929735,4929751.4,4937019.1,4937019.3000001,2024-05-07T09:41:04Z,4937030.7,NA,NA,NA,NA,NA,NA,NA,NA,NA,NA,NA,NA,NA,NA,NA,NA,NA,NA,NA,"c(""distractor1"", ""distractor2"", ""distractor3"")",Widerstand,usulubu,s,kusababisha,mwalimu,mwenendo,NA,NA,NA
56b99,Save data screen,canvas.Screen,13_1_4_0_1,NA,NA,timeout,499.70000000019,4937022,4937014.292,4937030.7,4937513.7,4937514.6,2024-05-07T09:41:05Z,4937530.4,NA,NA,NA,NA,NA,NA,NA,NA,NA,NA,NA,NA,NA,NA,NA,NA,NA,NA,NA,"c(""distractor1"", ""distractor2"", ""distractor3"")",Widerstand,usulubu,s,kusababisha,mwalimu,mwenendo,NA,0,NA
56b99,shallow,flow.Sequence,13_1_4_0,NA,NA,completion,7762.2999999998,4929736.6,4929735,4929751.4,4937513.7,4937515,2024-05-07T09:41:05Z,4937530.4,NA,NA,NA,NA,NA,NA,NA,NA,NA,NA,NA,NA,NA,NA,NA,NA,NA,NA,NA,"c(""distractor1"", ""distractor2"", ""distractor3"")",Widerstand,usulubu,s,kusababisha,mwalimu,mwenendo,NA,NA,NA
56b99,task,flow.Sequence,13_1_4,NA,NA,completion,7762.2999999998,4929736.5,4929735,4929751.4,4937513.7,4937515.2,2024-05-07T09:41:05Z,4937530.4,NA,NA,NA,NA,NA,NA,NA,NA,NA,NA,NA,NA,NA,NA,NA,NA,NA,NA,NA,"c(""distractor1"", ""distractor2"", ""distractor3"")",Widerstand,usulubu,s,kusababisha,mwalimu,mwenendo,NA,NA,NA
56b99,Shallow Question,html.Page,13_1_5_0_0,mapendano,NA,form submission,7220.2000000235,4937515.4,4937513.7,4937530.4,4944750.6,4944750.9,2024-05-07T09:41:12Z,4944758.9,NA,NA,NA,NA,NA,NA,NA,NA,NA,NA,NA,NA,NA,NA,NA,NA,NA,NA,NA,"c(""distractor1"", ""distractor2"", ""distractor3"")",Sympathie,mapendano,s,dhamiria,fungamano,maazimio,NA,NA,NA
56b99,Save data screen,canvas.Screen,13_1_5_0_1,NA,NA,timeout,499.69999999925,4944753.7,4944742.7,4944758.9,4945242.3,4945243.3000001,2024-05-07T09:41:12Z,4945258.6,NA,NA,NA,NA,NA,NA,NA,NA,NA,NA,NA,NA,NA,NA,NA,NA,NA,NA,NA,"c(""distractor1"", ""distractor2"", ""distractor3"")",Sympathie,mapendano,s,dhamiria,fungamano,maazimio,NA,1,NA
56b99,shallow,flow.Sequence,13_1_5_0,NA,NA,completion,7711.8999999994,4937515.4,4937513.7,4937530.4,4945242.3,4945243.6,2024-05-07T09:41:12Z,4945258.6,NA,NA,NA,NA,NA,NA,NA,NA,NA,NA,NA,NA,NA,NA,NA,NA,NA,NA,NA,"c(""distractor1"", ""distractor2"", ""distractor3"")",Sympathie,mapendano,s,dhamiria,fungamano,maazimio,NA,NA,NA
56b99,task,flow.Sequence,13_1_5,NA,NA,completion,7711.8999999994,4937515.3000001,4937513.7,4937530.4,4945242.3,4945243.9,2024-05-07T09:41:12Z,4945258.6,NA,NA,NA,NA,NA,NA,NA,NA,NA,NA,NA,NA,NA,NA,NA,NA,NA,NA,NA,"c(""distractor1"", ""distractor2"", ""distractor3"")",Sympathie,mapendano,s,dhamiria,fungamano,maazimio,NA,NA,NA
56b99,Shallow Question,html.Page,13_1_6_0_0,mshindani,NA,form submission,11986.799999977,4945244.1,4945242.3,4945258.6,4957245.4,4957245.6,2024-05-07T09:41:24Z,4957251.3,NA,NA,NA,NA,NA,NA,NA,NA,NA,NA,NA,NA,NA,NA,NA,NA,NA,NA,NA,"c(""distractor1"", ""distractor2"", ""distractor3"")",Konkurrent,mshindani,s,msemaji,mvutaji,kipukusa,NA,NA,NA
56b99,Save data screen,canvas.Screen,13_1_6_0_1,NA,NA,timeout,500.20000000019,4957248.4,4957235.224,4957251.3,4957734.8,4957735.7,2024-05-07T09:41:25Z,4957751.5,NA,NA,NA,NA,NA,NA,NA,NA,NA,NA,NA,NA,NA,NA,NA,NA,NA,NA,NA,"c(""distractor1"", ""distractor2"", ""distractor3"")",Konkurrent,mshindani,s,msemaji,mvutaji,kipukusa,NA,1,NA
56b99,shallow,flow.Sequence,13_1_6_0,NA,NA,completion,12476.2,4945244.1,4945242.3,4945258.6,4957734.8,4957736.1,2024-05-07T09:41:25Z,4957751.5,NA,NA,NA,NA,NA,NA,NA,NA,NA,NA,NA,NA,NA,NA,NA,NA,NA,NA,NA,"c(""distractor1"", ""distractor2"", ""distractor3"")",Konkurrent,mshindani,s,msemaji,mvutaji,kipukusa,NA,NA,NA
56b99,task,flow.Sequence,13_1_6,NA,NA,completion,12476.2,4945244,4945242.3,4945258.6,4957734.8,4957736.3000001,2024-05-07T09:41:25Z,4957751.5,NA,NA,NA,NA,NA,NA,NA,NA,NA,NA,NA,NA,NA,NA,NA,NA,NA,NA,NA,"c(""distractor1"", ""distractor2"", ""distractor3"")",Konkurrent,mshindani,s,msemaji,mvutaji,kipukusa,NA,NA,NA
56b99,Shallow Question,html.Page,13_1_7_0_0,ufahamivu,NA,form submission,7204,4957736.6,4957734.8,4957751.5,4964955.5,4964955.7,2024-05-07T09:41:32Z,4964963.4,NA,NA,NA,NA,NA,NA,NA,NA,NA,NA,NA,NA,NA,NA,NA,NA,NA,NA,NA,"c(""distractor1"", ""distractor2"", ""distractor3"")",Verstand,ufahamivu,s,shakawa,hadhari,mhandisi,NA,NA,NA
56b99,Save data screen,canvas.Screen,13_1_7_0_1,NA,NA,timeout,499.5,4964958.4,4964946.964,4964963.4,4965446.4,4965447.3000001,2024-05-07T09:41:33Z,4965462.9,NA,NA,NA,NA,NA,NA,NA,NA,NA,NA,NA,NA,NA,NA,NA,NA,NA,NA,NA,"c(""distractor1"", ""distractor2"", ""distractor3"")",Verstand,ufahamivu,s,shakawa,hadhari,mhandisi,NA,1,NA
56b99,shallow,flow.Sequence,13_1_7_0,NA,NA,completion,7694.9000000004,4957736.5,4957734.8,4957751.5,4965446.4,4965447.5,2024-05-07T09:41:33Z,4965462.9,NA,NA,NA,NA,NA,NA,NA,NA,NA,NA,NA,NA,NA,NA,NA,NA,NA,NA,NA,"c(""distractor1"", ""distractor2"", ""distractor3"")",Verstand,ufahamivu,s,shakawa,hadhari,mhandisi,NA,NA,NA
56b99,task,flow.Sequence,13_1_7,NA,NA,completion,7694.9000000004,4957736.5,4957734.8,4957751.5,4965446.4,4965447.8000001,2024-05-07T09:41:33Z,4965462.9,NA,NA,NA,NA,NA,NA,NA,NA,NA,NA,NA,NA,NA,NA,NA,NA,NA,NA,NA,"c(""distractor1"", ""distractor2"", ""distractor3"")",Verstand,ufahamivu,s,shakawa,hadhari,mhandisi,NA,NA,NA
56b99,Shallow Question,html.Page,13_1_8_0_0,wakati,NA,form submission,6052.2000000235,4965448,4965446.4,4965462.9,4971515.1,4971515.3000001,2024-05-07T09:41:39Z,4971525.8,NA,NA,NA,NA,NA,NA,NA,NA,NA,NA,NA,NA,NA,NA,NA,NA,NA,NA,NA,"c(""distractor1"", ""distractor2"", ""distractor3"")",Gelegenheit,wakati,s,mchanganyiko,kipaumbele,kushuku,NA,NA,NA
56b99,Save data screen,canvas.Screen,13_1_8_0_1,NA,NA,timeout,500.40000000037,4971518.1,4971509.858,4971525.8,4972009.2,4972010.2,2024-05-07T09:41:39Z,4972026.2,NA,NA,NA,NA,NA,NA,NA,NA,NA,NA,NA,NA,NA,NA,NA,NA,NA,NA,NA,"c(""distractor1"", ""distractor2"", ""distractor3"")",Gelegenheit,wakati,s,mchanganyiko,kipaumbele,kushuku,NA,1,NA
56b99,shallow,flow.Sequence,13_1_8_0,NA,NA,completion,6546.2999999998,4965447.9,4965446.4,4965462.9,4972009.2,4972010.6,2024-05-07T09:41:39Z,4972026.2,NA,NA,NA,NA,NA,NA,NA,NA,NA,NA,NA,NA,NA,NA,NA,NA,NA,NA,NA,"c(""distractor1"", ""distractor2"", ""distractor3"")",Gelegenheit,wakati,s,mchanganyiko,kipaumbele,kushuku,NA,NA,NA
56b99,task,flow.Sequence,13_1_8,NA,NA,completion,6546.2999999998,4965447.9,4965446.4,4965462.9,4972009.2,4972010.8000001,2024-05-07T09:41:39Z,4972026.2,NA,NA,NA,NA,NA,NA,NA,NA,NA,NA,NA,NA,NA,NA,NA,NA,NA,NA,NA,"c(""distractor1"", ""distractor2"", ""distractor3"")",Gelegenheit,wakati,s,mchanganyiko,kipaumbele,kushuku,NA,NA,NA
56b99,Shallow Question,html.Page,13_1_9_0_0,tahadhari,NA,form submission,12209.500000047,4972011,4972009.2,4972026.2,4984235.7,4984235.9,2024-05-07T09:41:51Z,4984252,NA,NA,NA,NA,NA,NA,NA,NA,NA,NA,NA,NA,NA,NA,NA,NA,NA,NA,NA,"c(""distractor1"", ""distractor2"", ""distractor3"")",Vorsorge,tahadhari,s,ufafanuzi,makini,mashambani,NA,NA,NA
56b99,Save data screen,canvas.Screen,13_1_9_0_1,NA,NA,timeout,499.59999999963,4984238.8000001,4984234.9,4984252,4984735.1,4984735.9,2024-05-07T09:41:52Z,4984751.6,NA,NA,NA,NA,NA,NA,NA,NA,NA,NA,NA,NA,NA,NA,NA,NA,NA,NA,NA,"c(""distractor1"", ""distractor2"", ""distractor3"")",Vorsorge,tahadhari,s,ufafanuzi,makini,mashambani,NA,1,NA
56b99,shallow,flow.Sequence,13_1_9_0,NA,NA,completion,12708.899999999,4972010.9,4972009.2,4972026.2,4984735.1,4984736.2,2024-05-07T09:41:52Z,4984751.6,NA,NA,NA,NA,NA,NA,NA,NA,NA,NA,NA,NA,NA,NA,NA,NA,NA,NA,NA,"c(""distractor1"", ""distractor2"", ""distractor3"")",Vorsorge,tahadhari,s,ufafanuzi,makini,mashambani,NA,NA,NA
56b99,task,flow.Sequence,13_1_9,NA,NA,completion,12708.899999999,4972010.9,4972009.2,4972026.2,4984735.1,4984736.4,2024-05-07T09:41:52Z,4984751.6,NA,NA,NA,NA,NA,NA,NA,NA,NA,NA,NA,NA,NA,NA,NA,NA,NA,NA,NA,"c(""distractor1"", ""distractor2"", ""distractor3"")",Vorsorge,tahadhari,s,ufafanuzi,makini,mashambani,NA,NA,NA
56b99,Shallow Question,html.Page,13_1_10_0_0,madeni,NA,form submission,15707.000000024,4984736.6,4984735.1,4984751.6,5000458.6,5000458.8000001,2024-05-07T09:42:08Z,5000474.9,NA,NA,NA,NA,NA,NA,NA,NA,NA,NA,NA,NA,NA,NA,NA,NA,NA,NA,NA,"c(""distractor1"", ""distractor2"", ""distractor3"")",Ausschluss,kutengwa,s,ununuzi,taratibu,madeni,NA,NA,NA
56b99,Save data screen,canvas.Screen,13_1_10_0_1,NA,NA,timeout,500.29999999981,5000460,5000458.826,5000474.9,5000958,5000959.1,2024-05-07T09:42:08Z,5000975.2,NA,NA,NA,NA,NA,NA,NA,NA,NA,NA,NA,NA,NA,NA,NA,NA,NA,NA,NA,"c(""distractor1"", ""distractor2"", ""distractor3"")",Ausschluss,kutengwa,s,ununuzi,taratibu,madeni,NA,0,NA
56b99,shallow,flow.Sequence,13_1_10_0,NA,NA,completion,16206.4,4984736.6,4984735.1,4984751.6,5000958,5000959.4,2024-05-07T09:42:08Z,5000975.2,NA,NA,NA,NA,NA,NA,NA,NA,NA,NA,NA,NA,NA,NA,NA,NA,NA,NA,NA,"c(""distractor1"", ""distractor2"", ""distractor3"")",Ausschluss,kutengwa,s,ununuzi,taratibu,madeni,NA,NA,NA
56b99,task,flow.Sequence,13_1_10,NA,NA,completion,16206.4,4984736.5,4984735.1,4984751.6,5000958,5000959.6,2024-05-07T09:42:08Z,5000975.2,NA,NA,NA,NA,NA,NA,NA,NA,NA,NA,NA,NA,NA,NA,NA,NA,NA,NA,NA,"c(""distractor1"", ""distractor2"", ""distractor3"")",Ausschluss,kutengwa,s,ununuzi,taratibu,madeni,NA,NA,NA
56b99,Shallow Question,html.Page,13_1_11_0_0,msukani,NA,form submission,13307.699999976,5000959.8000001,5000958,5000975.2,5014282.9,5014283.2,2024-05-07T09:42:21Z,5014301.7,NA,NA,NA,NA,NA,NA,NA,NA,NA,NA,NA,NA,NA,NA,NA,NA,NA,NA,NA,"c(""distractor1"", ""distractor2"", ""distractor3"")",Annäherung,maegesho,s,madahili,kujiamini,mapendekezo,NA,NA,NA
56b99,Save data screen,canvas.Screen,13_1_11_0_1,NA,NA,timeout,497.79999999981,5014286,5014283.792,5014301.7,5014783,5014784.6,2024-05-07T09:42:22Z,5014799.5,NA,NA,NA,NA,NA,NA,NA,NA,NA,NA,NA,NA,NA,NA,NA,NA,NA,NA,NA,"c(""distractor1"", ""distractor2"", ""distractor3"")",Annäherung,maegesho,s,madahili,kujiamini,mapendekezo,NA,1,NA
56b99,shallow,flow.Sequence,13_1_11_0,NA,NA,completion,13807.8,5000959.8000001,5000958,5000975.2,5014783,5014785,2024-05-07T09:42:22Z,5014799.5,NA,NA,NA,NA,NA,NA,NA,NA,NA,NA,NA,NA,NA,NA,NA,NA,NA,NA,NA,"c(""distractor1"", ""distractor2"", ""distractor3"")",Annäherung,maegesho,s,madahili,kujiamini,mapendekezo,NA,NA,NA
56b99,task,flow.Sequence,13_1_11,NA,NA,completion,13807.8,5000959.8000001,5000958,5000975.2,5014783,5014785.1,2024-05-07T09:42:22Z,5014799.5,NA,NA,NA,NA,NA,NA,NA,NA,NA,NA,NA,NA,NA,NA,NA,NA,NA,NA,NA,"c(""distractor1"", ""distractor2"", ""distractor3"")",Annäherung,maegesho,s,madahili,kujiamini,mapendekezo,NA,NA,NA
56b99,Shallow Question,html.Page,13_1_12_0_0,ufahamu,NA,form submission,11986.799999977,4945244.1,4945242.3,4945258.6,5014282.9,5014283.2,2024-05-07T09:42:31Z,5014301.7,NA,NA,NA,NA,NA,NA,NA,NA,NA,NA,NA,NA,NA,NA,NA,NA,NA,NA,NA,"c(""distractor1"", ""distractor2"", ""distractor3"")",Wettbewerb,ushindani,s,kusababisha,mwalimu,mwenendo,NA,NA,NA
56b99,Save data screen,canvas.Screen,13_1_12_0_1,NA,NA,timeout,500.20000000019,4957248.4,4957235.224,4957251.3,5014783,5014784.6,2024-05-07T09:42:31Z,5014799.5,NA,NA,NA,NA,NA,NA,NA,NA,NA,NA,NA,NA,NA,NA,NA,NA,NA,NA,NA,"c(""distractor1"", ""distractor2"", ""distractor3"")",Wettbewerb,ushindani,s,kusababisha,mwalimu,mwenendo,NA,0,NA
56b99,shallow,flow.Sequence,13_1_12_0,NA,NA,completion,12476.2,4945244.1,4945242.3,4945258.6,5014783,5014785,2024-05-07T09:42:31Z,5014799.5,NA,NA,NA,NA,NA,NA,NA,NA,NA,NA,NA,NA,NA,NA,NA,NA,NA,NA,NA,"c(""distractor1"", ""distractor2"", ""distractor3"")",Wettbewerb,ushindani,s,kusababisha,mwalimu,mwenendo,NA,NA,NA
56b99,task,flow.Sequence,13_1_12,NA,NA,completion,12476.2,4945244,4945242.3,4945258.6,5014783,5014785.1,2024-05-07T09:42:31Z,5014799.5,NA,NA,NA,NA,NA,NA,NA,NA,NA,NA,NA,NA,NA,NA,NA,NA,NA,NA,NA,"c(""distractor1"", ""distractor2"", ""distractor3"")",Wettbewerb,ushindani,s,kusababisha,mwalimu,mwenendo,NA,NA,NA
56b99,Shallow Question,html.Page,13_1_13_0_0,ushindani,NA,form submission,7204,4957736.6,4957734.8,4957751.5,5014282.9,5014283.2,2024-05-07T09:42:42Z,5014301.7,NA,NA,NA,NA,NA,NA,NA,NA,NA,NA,NA,NA,NA,NA,NA,NA,NA,NA,NA,"c(""distractor1"", ""distractor2"", ""distractor3"")",Zuwachs,nyongeza,s,dhamiria,fungamano,maazimio,NA,NA,NA
56b99,Save data screen,canvas.Screen,13_1_13_0_1,NA,NA,timeout,499.5,4964958.4,4964946.964,4964963.4,5014783,5014784.6,2024-05-07T09:42:42Z,5014799.5,NA,NA,NA,NA,NA,NA,NA,NA,NA,NA,NA,NA,NA,NA,NA,NA,NA,NA,NA,"c(""distractor1"", ""distractor2"", ""distractor3"")",Zuwachs,nyongeza,s,dhamiria,fungamano,maazimio,NA,1,NA
56b99,shallow,flow.Sequence,13_1_13_0,NA,NA,completion,7694.9000000004,4957736.5,4957734.8,4957751.5,5014783,5014785,2024-05-07T09:42:42Z,5014799.5,NA,NA,NA,NA,NA,NA,NA,NA,NA,NA,NA,NA,NA,NA,NA,NA,NA,NA,NA,"c(""distractor1"", ""distractor2"", ""distractor3"")",Zuwachs,nyongeza,s,dhamiria,fungamano,maazimio,NA,NA,NA
56b99,task,flow.Sequence,13_1_13,NA,NA,completion,7694.9000000004,4957736.5,4957734.8,4957751.5,5014783,5014785.1,2024-05-07T09:42:42Z,5014799.5,NA,NA,NA,NA,NA,NA,NA,NA,NA,NA,NA,NA,NA,NA,NA,NA,NA,NA,NA,"c(""distractor1"", ""distractor2"", ""distractor3"")",Zuwachs,nyongeza,s,dhamiria,fungamano,maazimio,NA,NA,NA
56b99,Shallow Question,html.Page,13_1_14_0_0,malehewo,NA,form submission,6052.2000000235,4965448,4965446.4,4965462.9,5014282.9,5014283.2,2024-05-07T09:42:49Z,5014301.7,NA,NA,NA,NA,NA,NA,NA,NA,NA,NA,NA,NA,NA,NA,NA,NA,NA,NA,NA,"c(""distractor1"", ""distractor2"", ""distractor3"")",Zufall,kikuti,s,msemaji,mvutaji,kipukusa,NA,NA,NA
56b99,Save data screen,canvas.Screen,13_1_14_0_1,NA,NA,timeout,500.40000000037,4971518.1,4971509.858,4971525.8,5014783,5014784.6,2024-05-07T09:42:49Z,5014799.5,NA,NA,NA,NA,NA,NA,NA,NA,NA,NA,NA,NA,NA,NA,NA,NA,NA,NA,NA,"c(""distractor1"", ""distractor2"", ""distractor3"")",Zufall,kikuti,s,msemaji,mvutaji,kipukusa,NA,1,NA
56b99,shallow,flow.Sequence,13_1_14_0,NA,NA,completion,6546.2999999998,4965447.9,4965446.4,4965462.9,5014783,5014785,2024-05-07T09:42:49Z,5014799.5,NA,NA,NA,NA,NA,NA,NA,NA,NA,NA,NA,NA,NA,NA,NA,NA,NA,NA,NA,"c(""distractor1"", ""distractor2"", ""distractor3"")",Zufall,kikuti,s,msemaji,mvutaji,kipukusa,NA,NA,NA
56b99,task,flow.Sequence,13_1_14,NA,NA,completion,6546.2999999998,4965447.9,4965446.4,4965462.9,5014783,5014785.1,2024-05-07T09:42:49Z,5014799.5,NA,NA,NA,NA,NA,NA,NA,NA,NA,NA,NA,NA,NA,NA,NA,NA,NA,NA,NA,"c(""distractor1"", ""distractor2"", ""distractor3"")",Zufall,kikuti,s,msemaji,mvutaji,kipukusa,NA,NA,NA
56b99,Shallow Question,html.Page,13_1_15_0_0,mhangori,NA,form submission,12209.500000047,4972011,4972009.2,4972026.2,5014282.9,5014283.2,2024-05-07T09:43:01Z,5014301.7,NA,NA,NA,NA,NA,NA,NA,NA,NA,NA,NA,NA,NA,NA,NA,NA,NA,NA,NA,"c(""distractor1"", ""distractor2"", ""distractor3"")",Symbol,kielezo,s,shakawa,hadhari,mhandisi,NA,NA,NA
56b99,Save data screen,canvas.Screen,13_1_15_0_1,NA,NA,timeout,499.59999999963,4984238.8000001,4984234.9,4984252,5014783,5014784.6,2024-05-07T09:43:01Z,5014799.5,NA,NA,NA,NA,NA,NA,NA,NA,NA,NA,NA,NA,NA,NA,NA,NA,NA,NA,NA,"c(""distractor1"", ""distractor2"", ""distractor3"")",Symbol,kielezo,s,shakawa,hadhari,mhandisi,NA,1,NA
56b99,shallow,flow.Sequence,13_1_15_0,NA,NA,completion,12708.899999999,4972010.9,4972009.2,4972026.2,5014783,5014785,2024-05-07T09:43:01Z,5014799.5,NA,NA,NA,NA,NA,NA,NA,NA,NA,NA,NA,NA,NA,NA,NA,NA,NA,NA,NA,"c(""distractor1"", ""distractor2"", ""distractor3"")",Symbol,kielezo,s,shakawa,hadhari,mhandisi,NA,NA,NA
56b99,task,flow.Sequence,13_1_15,NA,NA,completion,12708.899999999,4972010.9,4972009.2,4972026.2,5014783,5014785.1,2024-05-07T09:43:02Z,5014799.5,NA,NA,NA,NA,NA,NA,NA,NA,NA,NA,NA,NA,NA,NA,NA,NA,NA,NA,NA,"c(""distractor1"", ""distractor2"", ""distractor3"")",Symbol,kielezo,s,shakawa,hadhari,mhandisi,NA,NA,NA